Data taken on 19/05/2025 at15:53:02
Frequency_[Hz], average[um], RMS [um], RMS at excitation [um]
1.20000E+1	-2.12381E-1	2.81119E-2	1.63121E-3	4.13585E-2	5.30308E+2	2.69555E+0	2.62828E+0	8.49398E+0	5.28315E+2	2.05040E+0	2.04899E+0	8.49328E+0	5.24652E+2	2.08621E+0	2.08387E+0	8.50202E+0	-2.79911E-3	9.60284E-4	4.56315E-5	-6.61854E-1	-5.28407E-3	9.46613E-4	7.58356E-6	3.14160E+0	-6.64669E-3	9.46880E-4	7.16091E-6	1.84573E-4	-4.38162E-3	9.29925E-4	6.43557E-5	-9.77647E-1	-8.09303E-3	9.54316E-4	3.35971E-5	-6.09294E-1	NaN	NaN	0.00000E+0	NaN	NaN	NaN	0.00000E+0	NaN	NaN	NaN	0.00000E+0	NaN	NaN	NaN	0.00000E+0	NaN	NaN	NaN	0.00000E+0	NaN	NaN	NaN	0.00000E+0	NaN	NaN	NaN	0.00000E+0	NaN	NaN	NaN	0.00000E+0	NaN	NaN	NaN	0.00000E+0	NaN
1.20900E+1	-2.10032E-1	2.86960E-2	1.13051E-3	-6.56799E-1	5.30349E+2	2.85229E+0	2.65020E+0	1.11939E+0	5.28334E+2	2.05871E+0	2.05075E+0	1.11086E+0	5.24671E+2	2.10158E+0	2.08618E+0	1.11992E+0	-2.82704E-3	9.43430E-4	2.73964E-6	3.14085E+0	-5.29948E-3	9.48273E-4	4.67967E-5	4.04920E+0	-6.63572E-3	9.20795E-4	1.93136E-5	-6.78034E-4	-4.37637E-3	9.55888E-4	3.94112E-5	4.14357E+0	-8.24228E-3	9.34606E-4	3.23748E-5	3.37096E+0	NaN	NaN	0.00000E+0	NaN	NaN	NaN	0.00000E+0	NaN	NaN	NaN	0.00000E+0	NaN	NaN	NaN	0.00000E+0	NaN	NaN	NaN	0.00000E+0	NaN	NaN	NaN	0.00000E+0	NaN	NaN	NaN	0.00000E+0	NaN	NaN	NaN	0.00000E+0	NaN	NaN	NaN	0.00000E+0	NaN
1.21807E+1	-2.09736E-1	2.82030E-2	1.36232E-3	2.02380E+0	5.30338E+2	2.72453E+0	2.65146E+0	-2.66195E-1	5.28318E+2	2.04099E+0	2.04990E+0	-2.66288E-1	5.24657E+2	2.07907E+0	2.08500E+0	-2.57039E-1	-2.81574E-3	9.34572E-4	3.86572E-5	1.86055E+0	-5.55270E-3	9.51053E-4	4.27443E-5	3.98522E+0	-6.63346E-3	9.44723E-4	4.06521E-5	2.62831E+0	-4.42586E-3	9.43581E-4	1.33409E-5	3.14102E+0	-8.14985E-3	9.34239E-4	3.74367E-5	2.83772E+0	NaN	NaN	0.00000E+0	NaN	NaN	NaN	0.00000E+0	NaN	NaN	NaN	0.00000E+0	NaN	NaN	NaN	0.00000E+0	NaN	NaN	NaN	0.00000E+0	NaN	NaN	NaN	0.00000E+0	NaN	NaN	NaN	0.00000E+0	NaN	NaN	NaN	0.00000E+0	NaN	NaN	NaN	0.00000E+0	NaN
1.22720E+1	-2.11586E-1	2.81600E-2	1.33233E-3	3.74107E+0	5.30392E+2	2.77916E+0	2.67144E+0	2.81744E-1	5.28354E+2	2.06162E+0	2.05277E+0	2.80687E-1	5.24697E+2	2.10254E+0	2.08642E+0	2.90690E-1	-2.83947E-3	9.25966E-4	3.34659E-5	3.79322E+0	-5.33185E-3	9.33270E-4	2.43844E-5	2.29956E+0	-6.64016E-3	9.28743E-4	2.19979E-5	3.84772E+0	-4.44918E-3	9.34543E-4	2.84999E-5	-8.53623E-4	-8.27101E-3	9.32648E-4	2.60233E-5	-7.19680E-1	NaN	NaN	0.00000E+0	NaN	NaN	NaN	0.00000E+0	NaN	NaN	NaN	0.00000E+0	NaN	NaN	NaN	0.00000E+0	NaN	NaN	NaN	0.00000E+0	NaN	NaN	NaN	0.00000E+0	NaN	NaN	NaN	0.00000E+0	NaN	NaN	NaN	0.00000E+0	NaN	NaN	NaN	0.00000E+0	NaN
1.23641E+1	-2.08586E-1	2.84515E-2	6.46616E-4	4.05642E+0	5.30244E+2	2.73480E+0	2.66245E+0	3.51847E+0	5.28233E+2	2.05993E+0	2.04983E+0	3.51468E+0	5.24570E+2	2.09825E+0	2.08382E+0	3.52433E+0	-2.71331E-3	9.34867E-4	2.67523E-6	-2.94130E-4	-5.32192E-3	9.28483E-4	5.61103E-5	-7.91822E-1	-6.64613E-3	9.23141E-4	4.15231E-5	-2.70209E-1	-4.37371E-3	9.47217E-4	4.51040E-5	-1.75993E-1	-8.30597E-3	9.26195E-4	2.51796E-5	-8.17144E-4	NaN	NaN	0.00000E+0	NaN	NaN	NaN	0.00000E+0	NaN	NaN	NaN	0.00000E+0	NaN	NaN	NaN	0.00000E+0	NaN	NaN	NaN	0.00000E+0	NaN	NaN	NaN	0.00000E+0	NaN	NaN	NaN	0.00000E+0	NaN	NaN	NaN	0.00000E+0	NaN	NaN	NaN	0.00000E+0	NaN
1.24568E+1	-2.05138E-1	2.79293E-2	1.74385E-4	3.55142E+0	5.30380E+2	2.58471E+0	2.50079E+0	-2.81407E-1	5.28337E+2	1.89725E+0	1.89505E+0	-2.91668E-1	5.24680E+2	1.93143E+0	1.92804E+0	-2.84418E-1	-2.69071E-3	9.59784E-4	4.47791E-5	2.91273E+0	-5.34057E-3	9.66702E-4	2.05759E-5	3.14145E+0	-6.63329E-3	9.36468E-4	5.14273E-5	2.20799E+0	-4.33036E-3	9.40754E-4	2.38094E-6	4.59761E-4	-8.11353E-3	9.38213E-4	3.37065E-5	1.85969E+0	NaN	NaN	0.00000E+0	NaN	NaN	NaN	0.00000E+0	NaN	NaN	NaN	0.00000E+0	NaN	NaN	NaN	0.00000E+0	NaN	NaN	NaN	0.00000E+0	NaN	NaN	NaN	0.00000E+0	NaN	NaN	NaN	0.00000E+0	NaN	NaN	NaN	0.00000E+0	NaN	NaN	NaN	0.00000E+0	NaN
1.25503E+1	-2.08162E-1	2.78430E-2	1.29679E-3	4.16952E+0	5.30254E+2	2.61772E+0	2.47288E+0	-4.24880E+0	5.28235E+2	1.89321E+0	1.89112E+0	-4.25048E+0	5.24577E+2	1.93241E+0	1.92561E+0	-4.24372E+0	-2.63348E-3	9.55358E-4	1.65210E-6	3.14025E+0	-5.40014E-3	9.54480E-4	3.34929E-5	1.29406E+0	-6.65581E-3	9.59104E-4	4.36028E-5	2.57781E+0	-4.47582E-3	9.23999E-4	4.08708E-5	-1.14471E+0	-8.20757E-3	9.32294E-4	3.55162E-5	-1.29643E+0	NaN	NaN	0.00000E+0	NaN	NaN	NaN	0.00000E+0	NaN	NaN	NaN	0.00000E+0	NaN	NaN	NaN	0.00000E+0	NaN	NaN	NaN	0.00000E+0	NaN	NaN	NaN	0.00000E+0	NaN	NaN	NaN	0.00000E+0	NaN	NaN	NaN	0.00000E+0	NaN	NaN	NaN	0.00000E+0	NaN
1.26444E+1	-2.11511E-1	2.77736E-2	5.32024E-4	2.79356E+0	5.30276E+2	2.85405E+0	2.47773E+0	1.71356E+0	5.28238E+2	1.89704E+0	1.89176E+0	1.67959E+0	5.24585E+2	1.93256E+0	1.92608E+0	1.68724E+0	-2.81841E-3	9.45078E-4	2.06216E-6	2.03206E-4	-5.36640E-3	9.33838E-4	1.68059E-5	3.92018E+0	-6.52440E-3	9.31696E-4	2.24388E-5	3.14180E+0	-4.45943E-3	9.28926E-4	3.32485E-5	4.02271E+0	-8.04419E-3	9.22034E-4	4.02342E-5	-1.32151E+0	NaN	NaN	0.00000E+0	NaN	NaN	NaN	0.00000E+0	NaN	NaN	NaN	0.00000E+0	NaN	NaN	NaN	0.00000E+0	NaN	NaN	NaN	0.00000E+0	NaN	NaN	NaN	0.00000E+0	NaN	NaN	NaN	0.00000E+0	NaN	NaN	NaN	0.00000E+0	NaN	NaN	NaN	0.00000E+0	NaN
1.27392E+1	-2.07143E-1	2.85432E-2	1.11823E-3	3.99701E+0	5.30340E+2	2.79708E+0	2.51366E+0	5.44884E-1	5.28281E+2	1.90338E+0	1.89263E+0	5.35040E-1	5.24630E+2	1.93881E+0	1.92753E+0	5.42792E-1	-2.71387E-3	9.94976E-4	2.37659E-5	2.43045E+0	-5.39982E-3	9.57217E-4	2.44044E-5	-5.46094E-1	-6.52973E-3	9.36614E-4	5.33815E-5	3.14186E+0	-4.42828E-3	9.43378E-4	2.12573E-5	4.42804E+0	-8.07374E-3	9.07668E-4	2.90889E-5	2.76147E+0	NaN	NaN	0.00000E+0	NaN	NaN	NaN	0.00000E+0	NaN	NaN	NaN	0.00000E+0	NaN	NaN	NaN	0.00000E+0	NaN	NaN	NaN	0.00000E+0	NaN	NaN	NaN	0.00000E+0	NaN	NaN	NaN	0.00000E+0	NaN	NaN	NaN	0.00000E+0	NaN	NaN	NaN	0.00000E+0	NaN
1.28348E+1	-2.12240E-1	2.75772E-2	4.57730E-4	1.26471E-1	5.30268E+2	2.53155E+0	2.42397E+0	2.32679E+0	5.28222E+2	1.81145E+0	1.81952E+0	2.32523E+0	5.24572E+2	1.84691E+0	1.85388E+0	2.33200E+0	-2.69862E-3	9.43561E-4	4.33452E-5	-2.92777E-1	-5.47255E-3	9.42855E-4	2.94066E-5	-6.14294E-1	-6.64790E-3	9.05398E-4	3.80602E-5	-4.31515E-1	-4.50052E-3	9.26266E-4	1.70831E-5	5.82774E-1	-8.02022E-3	9.29416E-4	1.11913E-5	3.44562E-4	NaN	NaN	0.00000E+0	NaN	NaN	NaN	0.00000E+0	NaN	NaN	NaN	0.00000E+0	NaN	NaN	NaN	0.00000E+0	NaN	NaN	NaN	0.00000E+0	NaN	NaN	NaN	0.00000E+0	NaN	NaN	NaN	0.00000E+0	NaN	NaN	NaN	0.00000E+0	NaN	NaN	NaN	0.00000E+0	NaN
1.29310E+1	-2.09201E-1	2.75457E-2	5.85109E-4	4.14316E+0	5.30305E+2	2.56584E+0	2.44819E+0	3.45647E-1	5.28248E+2	1.82593E+0	1.82025E+0	3.38690E-1	5.24596E+2	1.86035E+0	1.85301E+0	3.44176E-1	-2.77530E-3	9.30869E-4	3.85194E-5	-1.39147E+0	-5.43267E-3	9.31814E-4	3.81574E-6	3.14194E+0	-6.57227E-3	9.48003E-4	2.53423E-5	2.48058E-4	-4.53927E-3	9.16097E-4	3.12861E-5	3.92720E+0	-8.05929E-3	9.23149E-4	3.39971E-5	-5.40182E-1	NaN	NaN	0.00000E+0	NaN	NaN	NaN	0.00000E+0	NaN	NaN	NaN	0.00000E+0	NaN	NaN	NaN	0.00000E+0	NaN	NaN	NaN	0.00000E+0	NaN	NaN	NaN	0.00000E+0	NaN	NaN	NaN	0.00000E+0	NaN	NaN	NaN	0.00000E+0	NaN	NaN	NaN	0.00000E+0	NaN
1.30280E+1	-2.08998E-1	2.74637E-2	3.29168E-4	-1.18391E-1	5.30292E+2	2.67778E+0	2.45643E+0	2.86356E+0	5.28243E+2	1.81968E+0	1.82040E+0	-2.85650E+1	5.24594E+2	1.85595E+0	1.85271E+0	-1.10239E+2	-2.70984E-3	9.66217E-4	3.98318E-5	3.56848E-1	-5.50249E-3	9.41440E-4	2.56979E-5	-4.15381E-1	-6.62312E-3	9.17080E-4	1.66913E-6	1.73385E-4	-4.52336E-3	9.38872E-4	4.94358E-5	-7.39989E-1	-8.17819E-3	9.16173E-4	9.75172E-6	-4.26574E-4	NaN	NaN	0.00000E+0	NaN	NaN	NaN	0.00000E+0	NaN	NaN	NaN	0.00000E+0	NaN	NaN	NaN	0.00000E+0	NaN	NaN	NaN	0.00000E+0	NaN	NaN	NaN	0.00000E+0	NaN	NaN	NaN	0.00000E+0	NaN	NaN	NaN	0.00000E+0	NaN	NaN	NaN	0.00000E+0	NaN
1.31257E+1	-2.06687E-1	2.68942E-2	2.00786E-3	5.95704E-1	5.30331E+2	2.69306E+0	2.38935E+0	1.98044E+0	5.28250E+2	1.75129E+0	1.75032E+0	1.97519E+0	5.24602E+2	1.78556E+0	1.78410E+0	1.98121E+0	-2.70298E-3	9.35511E-4	5.10379E-5	-3.81728E-4	-5.39167E-3	9.34418E-4	3.51110E-5	2.24054E+0	-6.66760E-3	9.41294E-4	4.74112E-5	1.77462E+0	-4.48486E-3	9.29423E-4	2.73749E-5	-6.02700E-1	-8.17423E-3	9.37143E-4	2.39774E-5	-3.98336E-1	NaN	NaN	0.00000E+0	NaN	NaN	NaN	0.00000E+0	NaN	NaN	NaN	0.00000E+0	NaN	NaN	NaN	0.00000E+0	NaN	NaN	NaN	0.00000E+0	NaN	NaN	NaN	0.00000E+0	NaN	NaN	NaN	0.00000E+0	NaN	NaN	NaN	0.00000E+0	NaN	NaN	NaN	0.00000E+0	NaN
1.32242E+1	-2.06716E-1	2.81995E-2	6.58653E-4	-5.75888E-1	5.30290E+2	2.63928E+0	2.39451E+0	2.44390E+0	5.28232E+2	1.74032E+0	1.74974E+0	2.43093E+0	5.24586E+2	1.77522E+0	1.78429E+0	2.43717E+0	-2.70386E-3	9.48615E-4	2.45866E-5	-1.07229E+0	-5.29157E-3	9.08000E-4	3.35383E-5	2.60814E+0	-6.67478E-3	9.30149E-4	4.78836E-6	3.14065E+0	-4.37169E-3	9.35305E-4	5.14928E-6	-6.79484E-4	-8.19473E-3	9.42218E-4	4.88424E-5	3.73783E-1	NaN	NaN	0.00000E+0	NaN	NaN	NaN	0.00000E+0	NaN	NaN	NaN	0.00000E+0	NaN	NaN	NaN	0.00000E+0	NaN	NaN	NaN	0.00000E+0	NaN	NaN	NaN	0.00000E+0	NaN	NaN	NaN	0.00000E+0	NaN	NaN	NaN	0.00000E+0	NaN	NaN	NaN	0.00000E+0	NaN
1.33234E+1	-2.07934E-1	2.83427E-2	9.43667E-4	-6.82699E-3	5.30402E+2	2.59167E+0	2.33433E+0	1.02701E+0	5.28265E+2	1.68988E+0	1.68401E+0	1.02827E+0	5.24623E+2	1.72200E+0	1.71600E+0	1.03420E+0	-2.86942E-3	9.36277E-4	1.55137E-5	-5.50262E-4	-5.40870E-3	9.48941E-4	3.72786E-5	3.80099E+0	-6.67672E-3	9.40523E-4	1.47119E-5	-7.97842E-4	-4.46347E-3	9.35095E-4	2.45313E-5	3.68307E+0	-8.10401E-3	9.05976E-4	6.96570E-6	3.14094E+0	NaN	NaN	0.00000E+0	NaN	NaN	NaN	0.00000E+0	NaN	NaN	NaN	0.00000E+0	NaN	NaN	NaN	0.00000E+0	NaN	NaN	NaN	0.00000E+0	NaN	NaN	NaN	0.00000E+0	NaN	NaN	NaN	0.00000E+0	NaN	NaN	NaN	0.00000E+0	NaN	NaN	NaN	0.00000E+0	NaN
1.34233E+1	-2.06518E-1	2.85407E-2	2.76314E-4	1.51163E+0	5.30406E+2	3.22465E+0	2.35125E+0	-2.13834E-2	5.28271E+2	1.68706E+0	1.68304E+0	-2.14988E-3	5.24632E+2	1.72580E+0	1.71736E+0	2.18836E-3	-2.84989E-3	9.41588E-4	3.06839E-5	-8.86733E-1	-5.27454E-3	9.35991E-4	4.56839E-5	-1.01106E+0	-6.65727E-3	9.16099E-4	1.52484E-5	-2.31503E-4	-4.36047E-3	9.67584E-4	3.77116E-5	4.61149E+0	-8.22234E-3	9.54607E-4	6.11081E-6	3.14097E+0	NaN	NaN	0.00000E+0	NaN	NaN	NaN	0.00000E+0	NaN	NaN	NaN	0.00000E+0	NaN	NaN	NaN	0.00000E+0	NaN	NaN	NaN	0.00000E+0	NaN	NaN	NaN	0.00000E+0	NaN	NaN	NaN	0.00000E+0	NaN	NaN	NaN	0.00000E+0	NaN	NaN	NaN	0.00000E+0	NaN
1.35240E+1	-2.07315E-1	2.86852E-2	2.05910E-4	3.84402E+0	5.30368E+2	4.32028E+0	2.42280E+0	9.02305E-1	5.28245E+2	1.68499E+0	1.68395E+0	8.94159E-1	5.24608E+2	1.73395E+0	1.71574E+0	8.98221E-1	-2.80686E-3	9.37406E-4	3.74625E-5	2.14603E+0	-5.38020E-3	9.57457E-4	3.03046E-5	9.37999E-1	-6.70336E-3	9.45495E-4	4.64911E-5	-1.41719E+0	-4.44135E-3	9.36206E-4	4.67029E-5	4.53718E+0	-8.27763E-3	9.45680E-4	1.84948E-5	4.07600E+0	NaN	NaN	0.00000E+0	NaN	NaN	NaN	0.00000E+0	NaN	NaN	NaN	0.00000E+0	NaN	NaN	NaN	0.00000E+0	NaN	NaN	NaN	0.00000E+0	NaN	NaN	NaN	0.00000E+0	NaN	NaN	NaN	0.00000E+0	NaN	NaN	NaN	0.00000E+0	NaN	NaN	NaN	0.00000E+0	NaN
1.36254E+1	-2.07506E-1	2.79111E-2	3.58362E-4	-5.33999E-2	5.30398E+2	3.84910E+0	2.31391E+0	-2.18930E-1	5.28263E+2	1.67762E+0	1.68408E+0	-1.94244E-1	5.24628E+2	1.71749E+0	1.71913E+0	-1.90145E-1	-2.73672E-3	9.41852E-4	2.89558E-6	3.14154E+0	-5.47045E-3	9.56606E-4	2.43397E-5	3.63824E+0	-6.60351E-3	9.43360E-4	1.07778E-5	3.14188E+0	-4.39534E-3	9.47139E-4	4.72110E-6	3.14127E+0	-8.16567E-3	9.12246E-4	2.43303E-6	3.14130E+0	NaN	NaN	0.00000E+0	NaN	NaN	NaN	0.00000E+0	NaN	NaN	NaN	0.00000E+0	NaN	NaN	NaN	0.00000E+0	NaN	NaN	NaN	0.00000E+0	NaN	NaN	NaN	0.00000E+0	NaN	NaN	NaN	0.00000E+0	NaN	NaN	NaN	0.00000E+0	NaN	NaN	NaN	0.00000E+0	NaN
1.37276E+1	-2.08320E-1	2.81300E-2	3.90963E-4	1.20207E+0	5.30323E+2	2.91709E+0	2.25879E+0	-2.03755E+0	5.28214E+2	1.62659E+0	1.61737E+0	-2.04666E+0	5.24580E+2	1.66207E+0	1.65080E+0	-2.04309E+0	-2.75020E-3	9.40461E-4	4.67669E-5	4.54941E+0	-5.42266E-3	9.49916E-4	3.64575E-5	3.53335E+0	-6.57493E-3	9.28247E-4	2.64612E-6	3.14261E+0	-4.42029E-3	9.65208E-4	6.62072E-5	1.24859E+0	-8.30379E-3	9.56722E-4	3.76078E-6	3.14186E+0	NaN	NaN	0.00000E+0	NaN	NaN	NaN	0.00000E+0	NaN	NaN	NaN	0.00000E+0	NaN	NaN	NaN	0.00000E+0	NaN	NaN	NaN	0.00000E+0	NaN	NaN	NaN	0.00000E+0	NaN	NaN	NaN	0.00000E+0	NaN	NaN	NaN	0.00000E+0	NaN	NaN	NaN	0.00000E+0	NaN
1.38306E+1	-2.08603E-1	2.82753E-2	8.07938E-4	-8.95158E-1	5.30313E+2	2.38564E+0	2.19677E+0	7.20795E-1	5.28193E+2	1.56504E+0	1.55693E+0	7.26243E-1	5.24565E+2	1.59764E+0	1.58739E+0	7.30404E-1	-2.68756E-3	9.77784E-4	3.20285E-5	2.66538E-1	-5.42089E-3	9.49049E-4	1.75889E-5	3.14178E+0	-6.50810E-3	9.62414E-4	6.51165E-5	-1.46015E+0	-4.50286E-3	9.09095E-4	4.62040E-5	4.52345E+0	-8.25665E-3	9.30039E-4	2.21691E-5	-1.11772E+0	NaN	NaN	0.00000E+0	NaN	NaN	NaN	0.00000E+0	NaN	NaN	NaN	0.00000E+0	NaN	NaN	NaN	0.00000E+0	NaN	NaN	NaN	0.00000E+0	NaN	NaN	NaN	0.00000E+0	NaN	NaN	NaN	0.00000E+0	NaN	NaN	NaN	0.00000E+0	NaN	NaN	NaN	0.00000E+0	NaN
1.39343E+1	-2.06082E-1	2.82604E-2	1.17945E-3	-7.02006E-1	5.30313E+2	2.36690E+0	2.20073E+0	-9.49271E+0	5.28191E+2	1.56000E+0	1.55628E+0	9.35324E+0	5.24565E+2	1.59468E+0	1.58901E+0	9.35683E+0	-2.68013E-3	9.49857E-4	3.25742E-5	2.08774E+0	-5.26954E-3	9.26795E-4	3.94825E-5	1.25494E+0	-6.51052E-3	9.54997E-4	6.59028E-6	3.14185E+0	-4.54815E-3	9.25509E-4	3.74125E-5	-5.90720E-1	-8.32954E-3	9.67611E-4	4.07130E-5	7.81877E-1	NaN	NaN	0.00000E+0	NaN	NaN	NaN	0.00000E+0	NaN	NaN	NaN	0.00000E+0	NaN	NaN	NaN	0.00000E+0	NaN	NaN	NaN	0.00000E+0	NaN	NaN	NaN	0.00000E+0	NaN	NaN	NaN	0.00000E+0	NaN	NaN	NaN	0.00000E+0	NaN	NaN	NaN	0.00000E+0	NaN
1.40388E+1	-2.02701E-1	2.88685E-2	2.96063E-4	3.96640E+0	5.30335E+2	2.37442E+0	2.20828E+0	-7.51822E-1	5.28190E+2	1.55678E+0	1.55659E+0	-7.47794E-1	5.24563E+2	1.58998E+0	1.58914E+0	-7.44166E-1	-2.76432E-3	9.37277E-4	2.07860E-5	2.10003E+0	-5.45277E-3	9.51161E-4	1.73030E-6	3.14200E+0	-6.50124E-3	9.56659E-4	2.00580E-5	2.33918E+0	-4.41641E-3	9.71019E-4	2.65376E-5	3.14151E+0	-8.16051E-3	9.04660E-4	5.85677E-7	3.14128E+0	NaN	NaN	0.00000E+0	NaN	NaN	NaN	0.00000E+0	NaN	NaN	NaN	0.00000E+0	NaN	NaN	NaN	0.00000E+0	NaN	NaN	NaN	0.00000E+0	NaN	NaN	NaN	0.00000E+0	NaN	NaN	NaN	0.00000E+0	NaN	NaN	NaN	0.00000E+0	NaN	NaN	NaN	0.00000E+0	NaN
1.41441E+1	-2.07082E-1	2.73529E-2	6.46363E-4	-1.86055E-1	5.30358E+2	2.27186E+0	2.17298E+0	2.80727E+0	5.28185E+2	1.49162E+0	1.49737E+0	2.82185E+0	5.24557E+2	1.52366E+0	1.52810E+0	2.82490E+0	-2.64607E-3	9.57118E-4	4.01980E-5	4.70400E-1	-5.37431E-3	9.62439E-4	1.83205E-5	-5.74764E-4	-6.56759E-3	9.25654E-4	4.20209E-5	3.44022E+0	-4.40955E-3	9.24955E-4	2.36592E-5	1.33175E+0	-8.15889E-3	9.47877E-4	2.79932E-6	3.14175E+0	NaN	NaN	0.00000E+0	NaN	NaN	NaN	0.00000E+0	NaN	NaN	NaN	0.00000E+0	NaN	NaN	NaN	0.00000E+0	NaN	NaN	NaN	0.00000E+0	NaN	NaN	NaN	0.00000E+0	NaN	NaN	NaN	0.00000E+0	NaN	NaN	NaN	0.00000E+0	NaN	NaN	NaN	0.00000E+0	NaN
1.42502E+1	-2.10332E-1	2.84092E-2	5.27371E-4	-3.54268E-1	5.30377E+2	2.34753E+0	2.18049E+0	-2.44190E-1	5.28202E+2	1.49357E+0	1.49710E+0	-2.41925E-1	5.24581E+2	1.53254E+0	1.52882E+0	-2.37854E-1	-2.64405E-3	9.40154E-4	3.61678E-5	2.23618E+0	-5.40095E-3	9.55823E-4	3.21118E-5	3.87033E+0	-6.62175E-3	9.52309E-4	1.85790E-5	2.36123E+0	-4.38017E-3	9.70551E-4	2.34767E-5	-7.73358E-1	-8.23267E-3	9.33580E-4	3.48945E-5	-1.04545E+0	NaN	NaN	0.00000E+0	NaN	NaN	NaN	0.00000E+0	NaN	NaN	NaN	0.00000E+0	NaN	NaN	NaN	0.00000E+0	NaN	NaN	NaN	0.00000E+0	NaN	NaN	NaN	0.00000E+0	NaN	NaN	NaN	0.00000E+0	NaN	NaN	NaN	0.00000E+0	NaN	NaN	NaN	0.00000E+0	NaN
1.43571E+1	-2.07852E-1	2.84136E-2	2.26429E-4	9.61208E-1	5.30385E+2	2.34236E+0	2.17321E+0	-3.34166E-1	5.28214E+2	1.49930E+0	1.49916E+0	-3.40111E-1	5.24591E+2	1.53581E+0	1.52743E+0	-3.35353E-1	-2.78652E-3	9.65356E-4	2.90498E-5	9.53612E-1	-5.46730E-3	9.25626E-4	3.57829E-5	1.13239E+0	-6.51004E-3	9.42249E-4	3.09127E-5	-6.82399E-1	-4.55331E-3	9.49225E-4	2.55773E-5	3.81835E+0	-8.24308E-3	9.18026E-4	2.48765E-5	1.03835E+0	NaN	NaN	0.00000E+0	NaN	NaN	NaN	0.00000E+0	NaN	NaN	NaN	0.00000E+0	NaN	NaN	NaN	0.00000E+0	NaN	NaN	NaN	0.00000E+0	NaN	NaN	NaN	0.00000E+0	NaN	NaN	NaN	0.00000E+0	NaN	NaN	NaN	0.00000E+0	NaN	NaN	NaN	0.00000E+0	NaN
1.44648E+1	-2.03367E-1	2.78684E-2	9.44270E-4	3.32429E+0	5.30426E+2	2.17937E+0	2.09502E+0	1.43084E-1	5.28227E+2	1.44236E+0	1.44063E+0	1.48661E-1	5.24606E+2	1.47418E+0	1.47039E+0	1.53660E-1	-2.81259E-3	9.38973E-4	1.78163E-5	-5.33001E-1	-5.41007E-3	9.60460E-4	2.05197E-5	1.22504E+0	-6.49381E-3	9.34538E-4	2.26870E-5	4.34967E+0	-4.36879E-3	9.71573E-4	6.49464E-7	3.14190E+0	-8.15599E-3	8.94620E-4	8.89792E-7	5.33940E-4	NaN	NaN	0.00000E+0	NaN	NaN	NaN	0.00000E+0	NaN	NaN	NaN	0.00000E+0	NaN	NaN	NaN	0.00000E+0	NaN	NaN	NaN	0.00000E+0	NaN	NaN	NaN	0.00000E+0	NaN	NaN	NaN	0.00000E+0	NaN	NaN	NaN	0.00000E+0	NaN	NaN	NaN	0.00000E+0	NaN
1.45733E+1	-2.07687E-1	2.82153E-2	1.43597E-3	2.56688E+0	5.30320E+2	2.25096E+0	2.15289E+0	-1.51140E+1	5.28149E+2	1.43864E+0	1.43813E+0	-2.54636E+0	5.24528E+2	1.46882E+0	1.46791E+0	3.74162E+0	-2.80396E-3	9.26592E-4	3.77406E-5	-1.44665E+0	-5.47949E-3	9.25317E-4	3.98872E-5	3.87653E+0	-6.50438E-3	9.20202E-4	2.57300E-5	2.95200E+0	-4.47138E-3	9.30080E-4	2.27545E-5	-4.61127E-5	-8.09327E-3	9.11904E-4	3.18056E-5	2.00117E+0	NaN	NaN	0.00000E+0	NaN	NaN	NaN	0.00000E+0	NaN	NaN	NaN	0.00000E+0	NaN	NaN	NaN	0.00000E+0	NaN	NaN	NaN	0.00000E+0	NaN	NaN	NaN	0.00000E+0	NaN	NaN	NaN	0.00000E+0	NaN	NaN	NaN	0.00000E+0	NaN	NaN	NaN	0.00000E+0	NaN
1.46826E+1	-2.03404E-1	2.82818E-2	1.35886E-3	8.79611E-1	5.30423E+2	2.11082E+0	1.96662E+0	-1.23997E+0	5.28200E+2	1.32875E+0	1.32976E+0	-1.23267E+0	5.24579E+2	1.36260E+0	1.36043E+0	-1.22973E+0	-2.81308E-3	9.22599E-4	6.24509E-5	1.40621E+0	-5.50661E-3	9.48467E-4	2.68389E-5	2.33177E+0	-6.55225E-3	9.24125E-4	2.21566E-5	2.61003E+0	-4.44741E-3	9.33848E-4	7.56653E-6	1.35905E-5	-8.04387E-3	9.35675E-4	2.48534E-5	2.09202E+0	NaN	NaN	0.00000E+0	NaN	NaN	NaN	0.00000E+0	NaN	NaN	NaN	0.00000E+0	NaN	NaN	NaN	0.00000E+0	NaN	NaN	NaN	0.00000E+0	NaN	NaN	NaN	0.00000E+0	NaN	NaN	NaN	0.00000E+0	NaN	NaN	NaN	0.00000E+0	NaN	NaN	NaN	0.00000E+0	NaN
1.47927E+1	-2.07477E-1	2.77206E-2	1.26638E-3	-1.47017E+0	5.30405E+2	2.23053E+0	2.01325E+0	-8.08471E-1	5.28199E+2	1.32462E+0	1.33103E+0	-8.02257E-1	5.24580E+2	1.35403E+0	1.35870E+0	-7.97274E-1	-2.93028E-3	9.31019E-4	3.28288E-5	2.27519E+0	-5.42194E-3	9.08442E-4	5.30529E-6	-1.07329E-4	-6.49688E-3	9.53192E-4	3.56328E-6	3.14232E+0	-4.48397E-3	9.12044E-4	3.11655E-5	6.30133E-1	-8.14792E-3	9.26162E-4	2.43263E-5	-1.06808E+0	NaN	NaN	0.00000E+0	NaN	NaN	NaN	0.00000E+0	NaN	NaN	NaN	0.00000E+0	NaN	NaN	NaN	0.00000E+0	NaN	NaN	NaN	0.00000E+0	NaN	NaN	NaN	0.00000E+0	NaN	NaN	NaN	0.00000E+0	NaN	NaN	NaN	0.00000E+0	NaN	NaN	NaN	0.00000E+0	NaN
1.49036E+1	-2.05849E-1	2.82075E-2	1.56395E-3	1.71654E+0	5.30372E+2	2.08646E+0	2.03210E+0	8.16856E+0	5.28160E+2	1.32500E+0	1.32848E+0	1.88211E+0	5.24541E+2	1.35384E+0	1.35699E+0	1.88522E+0	-2.95821E-3	9.51657E-4	3.32012E-5	-1.33194E+0	-5.36721E-3	9.33050E-4	3.12638E-5	5.93047E-1	-6.50568E-3	9.47047E-4	4.70362E-6	3.14182E+0	-4.45047E-3	9.67039E-4	6.31084E-6	-4.37284E-4	-8.10021E-3	9.19274E-4	4.96517E-5	-5.30239E-1	NaN	NaN	0.00000E+0	NaN	NaN	NaN	0.00000E+0	NaN	NaN	NaN	0.00000E+0	NaN	NaN	NaN	0.00000E+0	NaN	NaN	NaN	0.00000E+0	NaN	NaN	NaN	0.00000E+0	NaN	NaN	NaN	0.00000E+0	NaN	NaN	NaN	0.00000E+0	NaN	NaN	NaN	0.00000E+0	NaN
1.50154E+1	-2.06823E-1	2.80576E-2	7.71788E-4	3.48632E+0	5.30396E+2	2.20115E+0	1.99801E+0	4.26063E+0	5.28171E+2	1.33054E+0	1.32950E+0	-2.08691E+1	5.24553E+2	1.36400E+0	1.35847E+0	-2.01623E+0	-2.82147E-3	9.29650E-4	3.66705E-5	-6.31870E-1	-5.34509E-3	9.71820E-4	1.21372E-5	1.80721E-4	-6.50624E-3	9.43827E-4	3.83603E-5	1.72039E+0	-4.36798E-3	9.43188E-4	1.80784E-5	3.14163E+0	-8.10844E-3	9.39958E-4	1.43099E-5	1.03923E-4	NaN	NaN	0.00000E+0	NaN	NaN	NaN	0.00000E+0	NaN	NaN	NaN	0.00000E+0	NaN	NaN	NaN	0.00000E+0	NaN	NaN	NaN	0.00000E+0	NaN	NaN	NaN	0.00000E+0	NaN	NaN	NaN	0.00000E+0	NaN	NaN	NaN	0.00000E+0	NaN	NaN	NaN	0.00000E+0	NaN
1.51280E+1	-2.07428E-1	2.85997E-2	2.23030E-3	3.55685E+0	5.30378E+2	2.11736E+0	2.01961E+0	-2.34136E+0	5.28159E+2	1.33276E+0	1.32864E+0	3.94332E+0	5.24540E+2	1.36446E+0	1.35847E+0	3.94871E+0	-2.66883E-3	9.18148E-4	1.22853E-6	-6.25464E-4	-5.49345E-3	9.60139E-4	3.26573E-5	3.40654E+0	-6.40696E-3	9.36740E-4	2.17071E-6	-5.74305E-4	-4.35490E-3	9.35190E-4	1.15302E-5	-2.63437E-4	-8.18658E-3	9.23637E-4	4.57521E-5	-5.07409E-4	NaN	NaN	0.00000E+0	NaN	NaN	NaN	0.00000E+0	NaN	NaN	NaN	0.00000E+0	NaN	NaN	NaN	0.00000E+0	NaN	NaN	NaN	0.00000E+0	NaN	NaN	NaN	0.00000E+0	NaN	NaN	NaN	0.00000E+0	NaN	NaN	NaN	0.00000E+0	NaN	NaN	NaN	0.00000E+0	NaN
1.52415E+1	-2.07053E-1	2.87530E-2	1.66684E-3	2.19874E-1	5.30384E+2	2.16638E+0	1.97374E+0	-1.24730E+0	5.28156E+2	1.27576E+0	1.27884E+0	-1.23573E+0	5.24538E+2	1.30817E+0	1.30757E+0	-1.23458E+0	-2.78208E-3	9.49363E-4	6.19200E-5	-1.07809E+0	-5.30877E-3	9.54153E-4	4.94781E-5	-1.09256E+0	-6.44078E-3	9.53970E-4	2.78852E-6	-1.25652E-3	-4.44547E-3	9.51898E-4	3.32031E-5	3.14090E+0	-8.26722E-3	9.08812E-4	4.04460E-5	2.51270E+0	NaN	NaN	0.00000E+0	NaN	NaN	NaN	0.00000E+0	NaN	NaN	NaN	0.00000E+0	NaN	NaN	NaN	0.00000E+0	NaN	NaN	NaN	0.00000E+0	NaN	NaN	NaN	0.00000E+0	NaN	NaN	NaN	0.00000E+0	NaN	NaN	NaN	0.00000E+0	NaN	NaN	NaN	0.00000E+0	NaN
1.53558E+1	-2.07414E-1	2.80774E-2	1.16662E-3	7.89597E-1	5.30364E+2	2.15266E+0	2.00834E+0	4.39124E+0	5.28144E+2	1.27811E+0	1.27776E+0	-1.87612E+0	5.24526E+2	1.31562E+0	1.30531E+0	-8.15547E+0	-2.71985E-3	9.29015E-4	4.13983E-5	4.00798E+0	-5.37609E-3	9.41806E-4	2.06065E-5	-6.91919E-1	-6.53328E-3	9.36807E-4	3.08956E-5	3.14101E+0	-4.47647E-3	9.75042E-4	3.81151E-5	1.03607E+0	-8.17552E-3	9.53188E-4	4.70048E-5	-1.11640E+0	NaN	NaN	0.00000E+0	NaN	NaN	NaN	0.00000E+0	NaN	NaN	NaN	0.00000E+0	NaN	NaN	NaN	0.00000E+0	NaN	NaN	NaN	0.00000E+0	NaN	NaN	NaN	0.00000E+0	NaN	NaN	NaN	0.00000E+0	NaN	NaN	NaN	0.00000E+0	NaN	NaN	NaN	0.00000E+0	NaN
1.54710E+1	-2.08184E-1	2.79648E-2	7.47692E-4	2.33727E+0	5.30356E+2	2.08291E+0	1.99552E+0	3.32614E+0	5.28132E+2	1.27901E+0	1.27776E+0	-9.22037E+0	5.24511E+2	1.31879E+0	1.30824E+0	9.63314E+0	-2.84020E-3	9.57449E-4	6.70725E-6	3.14175E+0	-5.38093E-3	9.59110E-4	4.09363E-5	3.69724E+0	-6.49325E-3	9.44787E-4	4.39358E-5	-1.26099E+0	-4.37137E-3	9.35366E-4	1.48593E-5	-3.18481E-4	-8.28296E-3	9.11821E-4	4.53079E-6	-3.83009E-4	NaN	NaN	0.00000E+0	NaN	NaN	NaN	0.00000E+0	NaN	NaN	NaN	0.00000E+0	NaN	NaN	NaN	0.00000E+0	NaN	NaN	NaN	0.00000E+0	NaN	NaN	NaN	0.00000E+0	NaN	NaN	NaN	0.00000E+0	NaN	NaN	NaN	0.00000E+0	NaN	NaN	NaN	0.00000E+0	NaN
1.55870E+1	-2.09383E-1	2.88112E-2	9.57832E-4	2.85300E+0	5.30402E+2	2.01215E+0	1.94858E+0	-1.93468E+0	5.28162E+2	1.23457E+0	1.23086E+0	-1.93581E+0	5.24544E+2	1.26136E+0	1.25702E+0	-1.93322E+0	-2.82624E-3	9.43473E-4	3.89418E-5	1.80715E+0	-5.41104E-3	9.41907E-4	8.85055E-6	6.85770E-5	-6.44376E-3	9.39337E-4	3.73392E-6	3.14163E+0	-4.34861E-3	9.50621E-4	4.38678E-5	1.98525E+0	-8.24559E-3	9.85610E-4	2.51002E-5	3.85225E+0	NaN	NaN	0.00000E+0	NaN	NaN	NaN	0.00000E+0	NaN	NaN	NaN	0.00000E+0	NaN	NaN	NaN	0.00000E+0	NaN	NaN	NaN	0.00000E+0	NaN	NaN	NaN	0.00000E+0	NaN	NaN	NaN	0.00000E+0	NaN	NaN	NaN	0.00000E+0	NaN	NaN	NaN	0.00000E+0	NaN
1.57039E+1	-2.06707E-1	2.85191E-2	2.31072E-3	3.33880E-1	5.30439E+2	2.12437E+0	1.96922E+0	4.12178E-1	5.28179E+2	1.23240E+0	1.22911E+0	4.17651E-1	5.24563E+2	1.26569E+0	1.25934E+0	4.22368E-1	-2.86135E-3	9.29094E-4	4.34280E-5	6.04624E-1	-5.42516E-3	9.59782E-4	3.53600E-5	1.35852E+0	-6.51932E-3	9.48587E-4	4.94189E-5	-4.10301E-1	-4.38267E-3	9.52146E-4	2.93651E-5	4.37871E+0	-8.16083E-3	9.27938E-4	2.33477E-5	3.15472E-4	NaN	NaN	0.00000E+0	NaN	NaN	NaN	0.00000E+0	NaN	NaN	NaN	0.00000E+0	NaN	NaN	NaN	0.00000E+0	NaN	NaN	NaN	0.00000E+0	NaN	NaN	NaN	0.00000E+0	NaN	NaN	NaN	0.00000E+0	NaN	NaN	NaN	0.00000E+0	NaN	NaN	NaN	0.00000E+0	NaN
1.58217E+1	-2.06167E-1	2.80245E-2	4.42862E-4	9.22198E-1	5.30398E+2	2.02195E+0	1.92206E+0	9.64105E+0	5.28159E+2	1.18842E+0	1.18395E+0	-2.92811E+0	5.24540E+2	1.21577E+0	1.20966E+0	-9.20715E+0	-2.90445E-3	9.46010E-4	3.82221E-5	2.44645E+0	-5.33508E-3	9.54415E-4	1.89077E-5	2.37260E+0	-6.36062E-3	9.85003E-4	1.64308E-6	3.14080E+0	-4.29767E-3	9.35531E-4	3.48515E-5	4.18821E+0	-8.33067E-3	9.20380E-4	4.51776E-5	-9.72124E-1	NaN	NaN	0.00000E+0	NaN	NaN	NaN	0.00000E+0	NaN	NaN	NaN	0.00000E+0	NaN	NaN	NaN	0.00000E+0	NaN	NaN	NaN	0.00000E+0	NaN	NaN	NaN	0.00000E+0	NaN	NaN	NaN	0.00000E+0	NaN	NaN	NaN	0.00000E+0	NaN	NaN	NaN	0.00000E+0	NaN
1.59404E+1	-2.04927E-1	2.91782E-2	6.06652E-4	-5.58934E-1	5.30414E+2	2.01312E+0	1.93822E+0	1.48231E+1	5.28159E+2	1.18163E+0	1.18236E+0	-4.02350E+0	5.24542E+2	1.21178E+0	1.21226E+0	-4.02012E+0	-2.80186E-3	9.37337E-4	6.34282E-5	1.80629E+0	-5.35889E-3	9.57808E-4	2.95713E-5	2.82063E+0	-6.43916E-3	9.47732E-4	2.48762E-6	1.01895E-3	-4.28621E-3	9.28023E-4	5.36600E-6	3.14209E+0	-8.25059E-3	9.33827E-4	2.46431E-5	4.10168E+0	NaN	NaN	0.00000E+0	NaN	NaN	NaN	0.00000E+0	NaN	NaN	NaN	0.00000E+0	NaN	NaN	NaN	0.00000E+0	NaN	NaN	NaN	0.00000E+0	NaN	NaN	NaN	0.00000E+0	NaN	NaN	NaN	0.00000E+0	NaN	NaN	NaN	0.00000E+0	NaN	NaN	NaN	0.00000E+0	NaN
1.60599E+1	-2.09596E-1	2.80424E-2	7.56674E-4	7.15171E-2	5.30410E+2	2.04654E+0	1.94278E+0	-7.17508E-1	5.28162E+2	1.18248E+0	1.18296E+0	-6.98497E-1	5.24543E+2	1.21146E+0	1.21177E+0	-6.96872E-1	-2.70386E-3	9.79808E-4	3.31710E-5	-1.07183E+0	-5.36914E-3	9.24053E-4	2.27493E-5	-1.04207E+0	-6.32761E-3	9.25104E-4	5.21617E-5	-2.07201E-1	-4.42045E-3	9.08875E-4	3.17598E-5	2.16934E+0	-8.11837E-3	9.18628E-4	8.21045E-6	3.14119E+0	NaN	NaN	0.00000E+0	NaN	NaN	NaN	0.00000E+0	NaN	NaN	NaN	0.00000E+0	NaN	NaN	NaN	0.00000E+0	NaN	NaN	NaN	0.00000E+0	NaN	NaN	NaN	0.00000E+0	NaN	NaN	NaN	0.00000E+0	NaN	NaN	NaN	0.00000E+0	NaN	NaN	NaN	0.00000E+0	NaN
1.61804E+1	-2.09344E-1	2.76787E-2	5.33660E-4	1.23562E-2	5.30412E+2	2.00705E+0	1.85809E+0	-1.37491E+0	5.28150E+2	1.14084E+0	1.13986E+0	-1.37813E+0	5.24531E+2	1.17368E+0	1.16657E+0	4.90828E+0	-2.70919E-3	9.35049E-4	2.39979E-5	-5.70351E-1	-5.33460E-3	9.22241E-4	1.08399E-5	-7.25278E-4	-6.45305E-3	9.24050E-4	6.42706E-5	-8.88002E-1	-4.37775E-3	9.38326E-4	1.17138E-5	3.14105E+0	-8.27295E-3	9.37182E-4	6.44173E-5	4.47478E+0	NaN	NaN	0.00000E+0	NaN	NaN	NaN	0.00000E+0	NaN	NaN	NaN	0.00000E+0	NaN	NaN	NaN	0.00000E+0	NaN	NaN	NaN	0.00000E+0	NaN	NaN	NaN	0.00000E+0	NaN	NaN	NaN	0.00000E+0	NaN	NaN	NaN	0.00000E+0	NaN	NaN	NaN	0.00000E+0	NaN
1.63018E+1	-2.05046E-1	2.90350E-2	2.00206E-4	3.48821E+0	5.30395E+2	2.04181E+0	1.83899E+0	-1.77291E+0	5.28144E+2	1.09639E+0	1.09547E+0	-8.04690E+0	5.24524E+2	1.12689E+0	1.12097E+0	-8.04370E+0	-2.84803E-3	9.44164E-4	3.70516E-5	3.60136E+0	-5.30925E-3	9.38408E-4	5.30993E-5	-1.11380E+0	-6.62458E-3	9.18592E-4	4.27503E-6	-8.18788E-4	-4.42190E-3	9.51725E-4	2.39543E-5	4.48859E+0	-8.13411E-3	9.33138E-4	2.56546E-5	4.02215E+0	NaN	NaN	0.00000E+0	NaN	NaN	NaN	0.00000E+0	NaN	NaN	NaN	0.00000E+0	NaN	NaN	NaN	0.00000E+0	NaN	NaN	NaN	0.00000E+0	NaN	NaN	NaN	0.00000E+0	NaN	NaN	NaN	0.00000E+0	NaN	NaN	NaN	0.00000E+0	NaN	NaN	NaN	0.00000E+0	NaN
1.64240E+1	-2.04273E-1	2.83473E-2	4.59180E-4	1.58431E+0	5.30465E+2	1.93673E+0	1.82995E+0	-9.41519E-1	5.28173E+2	1.09375E+0	1.09511E+0	-9.37005E-1	5.24555E+2	1.12339E+0	1.12348E+0	-9.33954E-1	-2.82930E-3	9.55297E-4	8.75016E-6	-5.14053E-4	-5.32112E-3	9.66736E-4	4.82508E-5	4.65529E-1	-6.56751E-3	9.39962E-4	6.07930E-6	3.14141E+0	-4.41875E-3	9.44486E-4	1.94930E-5	-1.01072E-4	-8.18408E-3	9.28172E-4	2.29307E-6	-9.67741E-4	NaN	NaN	0.00000E+0	NaN	NaN	NaN	0.00000E+0	NaN	NaN	NaN	0.00000E+0	NaN	NaN	NaN	0.00000E+0	NaN	NaN	NaN	0.00000E+0	NaN	NaN	NaN	0.00000E+0	NaN	NaN	NaN	0.00000E+0	NaN	NaN	NaN	0.00000E+0	NaN	NaN	NaN	0.00000E+0	NaN
1.65472E+1	-2.06382E-1	2.82263E-2	8.49239E-4	2.67807E+0	5.30386E+2	1.97961E+0	1.84955E+0	3.03754E+0	5.28132E+2	1.09401E+0	1.09545E+0	3.04537E+0	5.24515E+2	1.12769E+0	1.12378E+0	3.04857E+0	-2.77215E-3	9.42272E-4	1.67720E-5	-2.07171E-4	-5.41515E-3	9.59282E-4	3.55525E-5	4.42482E+0	-6.63241E-3	9.23499E-4	1.26195E-5	3.14164E+0	-4.40551E-3	9.76226E-4	3.49641E-5	1.74343E+0	-8.18448E-3	9.20064E-4	3.50616E-5	3.55701E+0	NaN	NaN	0.00000E+0	NaN	NaN	NaN	0.00000E+0	NaN	NaN	NaN	0.00000E+0	NaN	NaN	NaN	0.00000E+0	NaN	NaN	NaN	0.00000E+0	NaN	NaN	NaN	0.00000E+0	NaN	NaN	NaN	0.00000E+0	NaN	NaN	NaN	0.00000E+0	NaN	NaN	NaN	0.00000E+0	NaN
1.66713E+1	-2.07530E-1	2.73253E-2	8.34817E-4	9.52681E-1	5.30410E+2	1.94275E+0	1.86725E+0	-1.53065E+1	5.28147E+2	1.09787E+0	1.09624E+0	-2.73309E+0	5.24530E+2	1.13025E+0	1.12416E+0	-2.73051E+0	-2.68909E-3	9.62635E-4	2.97611E-5	-2.02328E-5	-5.39958E-3	9.47225E-4	5.26903E-5	4.05010E+0	-6.50648E-3	9.40266E-4	1.20459E-7	3.14204E+0	-4.40406E-3	9.48661E-4	1.00039E-6	1.08209E-3	-8.21403E-3	9.22249E-4	3.66813E-5	1.01876E+0	NaN	NaN	0.00000E+0	NaN	NaN	NaN	0.00000E+0	NaN	NaN	NaN	0.00000E+0	NaN	NaN	NaN	0.00000E+0	NaN	NaN	NaN	0.00000E+0	NaN	NaN	NaN	0.00000E+0	NaN	NaN	NaN	0.00000E+0	NaN	NaN	NaN	0.00000E+0	NaN	NaN	NaN	0.00000E+0	NaN
1.67964E+1	-2.09075E-1	2.89549E-2	4.58526E-4	-1.05398E+0	5.30473E+2	1.87142E+0	1.83534E+0	-6.11938E-1	5.28176E+2	1.05231E+0	1.05587E+0	-5.92545E-1	5.24556E+2	1.08184E+0	1.08320E+0	-5.88802E-1	-2.76586E-3	9.45735E-4	1.14871E-5	3.14144E+0	-5.44228E-3	9.38134E-4	4.37659E-5	1.46248E+0	-6.59108E-3	9.43571E-4	3.25613E-5	1.41884E-1	-4.39680E-3	9.26523E-4	4.51891E-5	3.94357E+0	-8.14493E-3	9.36427E-4	5.72043E-5	-1.19877E+0	NaN	NaN	0.00000E+0	NaN	NaN	NaN	0.00000E+0	NaN	NaN	NaN	0.00000E+0	NaN	NaN	NaN	0.00000E+0	NaN	NaN	NaN	0.00000E+0	NaN	NaN	NaN	0.00000E+0	NaN	NaN	NaN	0.00000E+0	NaN	NaN	NaN	0.00000E+0	NaN	NaN	NaN	0.00000E+0	NaN
1.69223E+1	-2.10673E-1	2.80737E-2	5.87832E-4	1.85104E+0	5.30438E+2	1.91751E+0	1.85080E+0	1.23360E+0	5.28157E+2	1.05560E+0	1.05599E+0	1.24488E+0	5.24535E+2	1.08155E+0	1.08109E+0	1.24735E+0	-2.81082E-3	9.09135E-4	1.13602E-5	1.71738E-4	-5.52905E-3	9.47563E-4	4.54646E-5	3.75755E-1	-6.53578E-3	9.17406E-4	3.77946E-5	3.77310E+0	-4.39978E-3	9.45243E-4	2.85275E-5	3.32855E+0	-8.20975E-3	9.39585E-4	6.85451E-7	3.14196E+0	NaN	NaN	0.00000E+0	NaN	NaN	NaN	0.00000E+0	NaN	NaN	NaN	0.00000E+0	NaN	NaN	NaN	0.00000E+0	NaN	NaN	NaN	0.00000E+0	NaN	NaN	NaN	0.00000E+0	NaN	NaN	NaN	0.00000E+0	NaN	NaN	NaN	0.00000E+0	NaN	NaN	NaN	0.00000E+0	NaN
1.70493E+1	-2.09818E-1	2.89156E-2	1.07859E-3	7.20119E-2	5.30460E+2	1.89108E+0	1.84932E+0	6.54022E-1	5.28167E+2	1.05472E+0	1.05422E+0	6.62671E-1	5.24544E+2	1.08306E+0	1.08202E+0	6.65088E-1	-2.70685E-3	9.35341E-4	5.54988E-6	-3.69426E-4	-5.41209E-3	9.30966E-4	2.72213E-5	3.54485E+0	-6.48525E-3	9.44220E-4	2.05344E-6	3.14202E+0	-4.45265E-3	9.32001E-4	1.55203E-5	3.14140E+0	-8.23364E-3	9.19176E-4	2.87227E-6	3.14093E+0	NaN	NaN	0.00000E+0	NaN	NaN	NaN	0.00000E+0	NaN	NaN	NaN	0.00000E+0	NaN	NaN	NaN	0.00000E+0	NaN	NaN	NaN	0.00000E+0	NaN	NaN	NaN	0.00000E+0	NaN	NaN	NaN	0.00000E+0	NaN	NaN	NaN	0.00000E+0	NaN	NaN	NaN	0.00000E+0	NaN
1.71771E+1	-2.05552E-1	2.78209E-2	6.74145E-4	3.16360E+0	5.30474E+2	1.90538E+0	1.80429E+0	2.05334E+0	5.28170E+2	1.01436E+0	1.01585E+0	2.06346E+0	5.24546E+2	1.04664E+0	1.04169E+0	2.06537E+0	-2.74560E-3	9.74282E-4	1.14098E-5	-3.01280E-4	-5.42936E-3	9.57633E-4	3.13406E-5	1.45327E+0	-6.50164E-3	9.36855E-4	1.82692E-5	-4.24543E-4	-4.35184E-3	9.50952E-4	3.14945E-5	2.89111E+0	-8.32356E-3	9.36967E-4	6.73204E-5	1.06766E+0	NaN	NaN	0.00000E+0	NaN	NaN	NaN	0.00000E+0	NaN	NaN	NaN	0.00000E+0	NaN	NaN	NaN	0.00000E+0	NaN	NaN	NaN	0.00000E+0	NaN	NaN	NaN	0.00000E+0	NaN	NaN	NaN	0.00000E+0	NaN	NaN	NaN	0.00000E+0	NaN	NaN	NaN	0.00000E+0	NaN
1.73060E+1	-2.10044E-1	2.75733E-2	1.03241E-3	4.43344E+0	5.30426E+2	1.98015E+0	1.84233E+0	3.93142E+0	5.28142E+2	1.01960E+0	1.01523E+0	1.02347E+1	5.24518E+2	1.04888E+0	1.04245E+0	1.02367E+1	-2.70023E-3	9.64333E-4	2.94466E-5	2.29076E+0	-5.40716E-3	9.26821E-4	3.02445E-5	4.29020E+0	-6.54386E-3	9.42407E-4	4.43996E-6	3.14066E+0	-4.30348E-3	9.46223E-4	1.86084E-6	1.80864E-6	-8.23800E-3	9.24212E-4	6.00488E-6	3.14101E+0	NaN	NaN	0.00000E+0	NaN	NaN	NaN	0.00000E+0	NaN	NaN	NaN	0.00000E+0	NaN	NaN	NaN	0.00000E+0	NaN	NaN	NaN	0.00000E+0	NaN	NaN	NaN	0.00000E+0	NaN	NaN	NaN	0.00000E+0	NaN	NaN	NaN	0.00000E+0	NaN	NaN	NaN	0.00000E+0	NaN
1.74358E+1	-2.00912E-1	2.78896E-2	5.91500E-4	2.52428E+0	5.30427E+2	1.88343E+0	1.79731E+0	-3.28470E+0	5.28137E+2	9.79377E-1	9.77902E-1	3.00231E+0	5.24516E+2	1.01122E+0	1.00238E+0	3.00536E+0	-2.88847E-3	9.32838E-4	2.46997E-5	1.10778E+0	-5.38335E-3	9.37144E-4	1.94722E-5	3.64311E+0	-6.49107E-3	9.31134E-4	1.73463E-5	4.12097E+0	-4.28129E-3	9.44517E-4	2.86548E-5	4.27134E+0	-8.23130E-3	9.50709E-4	3.34658E-6	3.14086E+0	NaN	NaN	0.00000E+0	NaN	NaN	NaN	0.00000E+0	NaN	NaN	NaN	0.00000E+0	NaN	NaN	NaN	0.00000E+0	NaN	NaN	NaN	0.00000E+0	NaN	NaN	NaN	0.00000E+0	NaN	NaN	NaN	0.00000E+0	NaN	NaN	NaN	0.00000E+0	NaN	NaN	NaN	0.00000E+0	NaN
1.75665E+1	-2.06908E-1	2.79540E-2	9.08810E-4	4.44178E+0	5.30522E+2	1.92533E+0	1.79137E+0	-8.56610E-1	5.28181E+2	9.78659E-1	9.78756E-1	-8.61661E-1	5.24561E+2	1.00541E+0	1.00403E+0	-8.59598E-1	-2.81776E-3	9.49708E-4	3.83935E-5	-8.76035E-1	-5.42355E-3	9.82221E-4	7.02109E-5	-8.80543E-1	-6.43246E-3	9.27599E-4	4.30474E-5	3.06762E+0	-4.38792E-3	9.46433E-4	3.42930E-7	3.14118E+0	-8.18327E-3	9.62496E-4	1.70344E-6	3.50551E-4	NaN	NaN	0.00000E+0	NaN	NaN	NaN	0.00000E+0	NaN	NaN	NaN	0.00000E+0	NaN	NaN	NaN	0.00000E+0	NaN	NaN	NaN	0.00000E+0	NaN	NaN	NaN	0.00000E+0	NaN	NaN	NaN	0.00000E+0	NaN	NaN	NaN	0.00000E+0	NaN	NaN	NaN	0.00000E+0	NaN
1.76983E+1	-2.05467E-1	2.90414E-2	1.17666E-3	-9.78115E-1	5.30499E+2	2.09673E+0	1.81971E+0	-3.19426E-1	5.28182E+2	9.74712E-1	9.77886E-1	-2.95611E-1	5.24563E+2	1.00375E+0	1.00406E+0	-2.93669E-1	-2.67287E-3	9.47812E-4	2.38140E-6	-1.04039E-3	-5.36729E-3	9.24199E-4	2.64702E-5	3.75790E+0	-6.47428E-3	9.37818E-4	1.67968E-5	-1.03673E-5	-4.39962E-3	9.44326E-4	5.21491E-5	4.49171E+0	-8.23380E-3	9.54957E-4	6.55949E-6	6.05064E-4	NaN	NaN	0.00000E+0	NaN	NaN	NaN	0.00000E+0	NaN	NaN	NaN	0.00000E+0	NaN	NaN	NaN	0.00000E+0	NaN	NaN	NaN	0.00000E+0	NaN	NaN	NaN	0.00000E+0	NaN	NaN	NaN	0.00000E+0	NaN	NaN	NaN	0.00000E+0	NaN	NaN	NaN	0.00000E+0	NaN
1.78310E+1	-2.08482E-1	2.81214E-2	7.13545E-4	7.81071E-1	5.30480E+2	2.10357E+0	1.85152E+0	-2.25175E+0	5.28162E+2	9.80980E-1	9.77630E-1	-2.22519E+0	5.24543E+2	1.01059E+0	1.00531E+0	-2.22199E+0	-2.75318E-3	9.33491E-4	8.63735E-6	3.14168E+0	-5.49103E-3	9.07495E-4	1.10780E-5	-9.14730E-5	-6.47105E-3	9.58350E-4	2.27625E-6	2.06982E-5	-4.34764E-3	9.16196E-4	2.27270E-5	4.42453E+0	-8.20781E-3	9.30475E-4	2.05759E-5	-1.15216E+0	NaN	NaN	0.00000E+0	NaN	NaN	NaN	0.00000E+0	NaN	NaN	NaN	0.00000E+0	NaN	NaN	NaN	0.00000E+0	NaN	NaN	NaN	0.00000E+0	NaN	NaN	NaN	0.00000E+0	NaN	NaN	NaN	0.00000E+0	NaN	NaN	NaN	0.00000E+0	NaN	NaN	NaN	0.00000E+0	NaN
1.79648E+1	-2.07542E-1	2.86062E-2	1.46252E-3	3.48201E+0	5.30469E+2	1.89252E+0	1.79582E+0	2.65621E+0	5.28158E+2	9.40960E-1	9.40186E-1	2.66090E+0	5.24540E+2	9.70401E-1	9.67719E-1	2.66409E+0	-2.82252E-3	9.44119E-4	4.54026E-5	2.83833E+0	-5.56416E-3	9.58381E-4	3.38554E-5	2.11859E+0	-6.52868E-3	9.31596E-4	2.30451E-5	1.08817E+0	-4.34998E-3	9.53339E-4	3.67016E-5	2.00024E+0	-8.16955E-3	9.41594E-4	3.21169E-5	2.88530E+0	NaN	NaN	0.00000E+0	NaN	NaN	NaN	0.00000E+0	NaN	NaN	NaN	0.00000E+0	NaN	NaN	NaN	0.00000E+0	NaN	NaN	NaN	0.00000E+0	NaN	NaN	NaN	0.00000E+0	NaN	NaN	NaN	0.00000E+0	NaN	NaN	NaN	0.00000E+0	NaN	NaN	NaN	0.00000E+0	NaN
1.80995E+1	-2.07227E-1	2.89330E-2	1.49280E-3	3.30367E+0	5.30478E+2	1.90337E+0	1.82236E+0	2.35394E+0	5.28164E+2	9.39905E-1	9.40796E-1	2.36243E+0	5.24545E+2	9.67553E-1	9.67519E-1	2.36617E+0	-2.74116E-3	9.38573E-4	2.30258E-5	2.40498E+0	-5.45907E-3	9.24002E-4	2.99244E-5	-8.81317E-1	-6.49454E-3	9.28852E-4	2.24261E-5	-1.16841E+0	-4.38800E-3	9.23976E-4	2.98774E-5	-2.95392E-4	-8.21895E-3	9.10043E-4	2.10740E-6	3.14055E+0	NaN	NaN	0.00000E+0	NaN	NaN	NaN	0.00000E+0	NaN	NaN	NaN	0.00000E+0	NaN	NaN	NaN	0.00000E+0	NaN	NaN	NaN	0.00000E+0	NaN	NaN	NaN	0.00000E+0	NaN	NaN	NaN	0.00000E+0	NaN	NaN	NaN	0.00000E+0	NaN	NaN	NaN	0.00000E+0	NaN
1.82353E+1	-2.08564E-1	2.83553E-2	3.72073E-4	1.53718E+0	5.30496E+2	1.85522E+0	1.78991E+0	-1.81305E-1	5.28165E+2	9.06742E-1	9.08116E-1	-1.63119E-1	5.24547E+2	9.35123E-1	9.32503E-1	-1.60708E-1	-2.78822E-3	9.29693E-4	2.98513E-5	-5.06810E-1	-5.41483E-3	9.13813E-4	2.75334E-5	4.53658E+0	-6.49898E-3	9.30115E-4	4.31455E-5	-6.49745E-1	-4.29791E-3	9.53817E-4	5.47512E-5	7.50788E-1	-8.15518E-3	9.29051E-4	3.15051E-5	-7.97483E-4	NaN	NaN	0.00000E+0	NaN	NaN	NaN	0.00000E+0	NaN	NaN	NaN	0.00000E+0	NaN	NaN	NaN	0.00000E+0	NaN	NaN	NaN	0.00000E+0	NaN	NaN	NaN	0.00000E+0	NaN	NaN	NaN	0.00000E+0	NaN	NaN	NaN	0.00000E+0	NaN	NaN	NaN	0.00000E+0	NaN
1.83720E+1	-2.08562E-1	2.76125E-2	7.99960E-4	1.63156E+0	5.30458E+2	2.02562E+0	1.72342E+0	3.31431E+0	5.28136E+2	8.76203E-1	8.73621E-1	3.30368E+0	5.24514E+2	9.04372E-1	8.97693E-1	3.30532E+0	-2.88177E-3	9.31955E-4	3.82986E-5	4.02634E+0	-5.33565E-3	9.31211E-4	2.24728E-5	2.73464E+0	-6.56823E-3	9.35005E-4	2.35913E-5	4.14304E+0	-4.44717E-3	9.40607E-4	3.88350E-6	3.14154E+0	-8.17480E-3	9.53082E-4	3.03253E-6	3.14081E+0	NaN	NaN	0.00000E+0	NaN	NaN	NaN	0.00000E+0	NaN	NaN	NaN	0.00000E+0	NaN	NaN	NaN	0.00000E+0	NaN	NaN	NaN	0.00000E+0	NaN	NaN	NaN	0.00000E+0	NaN	NaN	NaN	0.00000E+0	NaN	NaN	NaN	0.00000E+0	NaN	NaN	NaN	0.00000E+0	NaN
1.85098E+1	-2.12446E-1	2.85216E-2	7.01001E-4	3.97123E+0	5.30456E+2	2.00711E+0	1.78494E+0	9.97965E+0	5.28139E+2	8.73654E-1	8.73525E-1	-8.86264E+0	5.24520E+2	9.01339E-1	8.97201E-1	-2.57846E+0	-2.78313E-3	9.54570E-4	2.44458E-6	-2.66186E-4	-5.34622E-3	9.56907E-4	2.35015E-5	2.33455E+0	-6.54797E-3	9.13386E-4	4.62008E-5	4.61854E+0	-4.46129E-3	9.31868E-4	3.37396E-6	3.14183E+0	-8.23251E-3	9.12345E-4	2.41679E-5	-6.26981E-1	NaN	NaN	0.00000E+0	NaN	NaN	NaN	0.00000E+0	NaN	NaN	NaN	0.00000E+0	NaN	NaN	NaN	0.00000E+0	NaN	NaN	NaN	0.00000E+0	NaN	NaN	NaN	0.00000E+0	NaN	NaN	NaN	0.00000E+0	NaN	NaN	NaN	0.00000E+0	NaN	NaN	NaN	0.00000E+0	NaN
1.86487E+1	-2.09848E-1	2.77910E-2	1.60741E-3	6.59117E-1	5.30493E+2	1.89558E+0	1.78342E+0	9.13410E-1	5.28161E+2	8.76121E-1	8.72907E-1	9.46393E-1	5.24538E+2	9.12870E-1	8.97712E-1	9.47062E-1	-2.78975E-3	9.80214E-4	4.38183E-5	2.53038E+0	-5.40741E-3	9.19764E-4	3.68175E-6	3.14229E+0	-6.60206E-3	9.28773E-4	6.16577E-6	3.14160E+0	-4.42747E-3	9.46912E-4	3.60614E-5	2.65218E+0	-8.12515E-3	9.27888E-4	4.35496E-5	6.33146E-1	NaN	NaN	0.00000E+0	NaN	NaN	NaN	0.00000E+0	NaN	NaN	NaN	0.00000E+0	NaN	NaN	NaN	0.00000E+0	NaN	NaN	NaN	0.00000E+0	NaN	NaN	NaN	0.00000E+0	NaN	NaN	NaN	0.00000E+0	NaN	NaN	NaN	0.00000E+0	NaN	NaN	NaN	0.00000E+0	NaN
1.87885E+1	-2.08249E-1	2.74410E-2	6.14353E-4	-4.81413E-1	5.30521E+2	1.87483E+0	1.80237E+0	-4.89152E-1	5.28168E+2	8.70536E-1	8.72660E-1	-4.73545E-1	5.24550E+2	9.02350E-1	8.98236E-1	-4.67451E-1	-2.76561E-3	9.19918E-4	5.59297E-6	1.43395E-4	-5.45043E-3	9.62760E-4	7.53661E-5	-1.24958E+0	-6.50519E-3	9.27144E-4	5.33901E-5	4.00334E+0	-4.45249E-3	9.42833E-4	2.48565E-5	1.13311E+0	-7.97098E-3	9.57394E-4	1.79677E-5	-6.01611E-1	NaN	NaN	0.00000E+0	NaN	NaN	NaN	0.00000E+0	NaN	NaN	NaN	0.00000E+0	NaN	NaN	NaN	0.00000E+0	NaN	NaN	NaN	0.00000E+0	NaN	NaN	NaN	0.00000E+0	NaN	NaN	NaN	0.00000E+0	NaN	NaN	NaN	0.00000E+0	NaN	NaN	NaN	0.00000E+0	NaN
1.89295E+1	-2.09894E-1	2.90436E-2	1.00841E-3	3.37139E+0	5.30484E+2	1.95420E+0	1.78644E+0	2.96266E+0	5.28153E+2	8.42936E-1	8.41550E-1	-9.61072E+0	5.24534E+2	8.71788E-1	8.65517E-1	-2.21750E+1	-2.79387E-3	9.32699E-4	5.17198E-5	1.87735E+0	-5.41330E-3	9.50314E-4	2.19377E-5	2.30882E+0	-6.48711E-3	9.01743E-4	4.28421E-5	2.75106E+0	-4.48502E-3	9.34909E-4	1.98672E-5	3.14165E+0	-8.11514E-3	9.48885E-4	5.15535E-7	3.14151E+0	NaN	NaN	0.00000E+0	NaN	NaN	NaN	0.00000E+0	NaN	NaN	NaN	0.00000E+0	NaN	NaN	NaN	0.00000E+0	NaN	NaN	NaN	0.00000E+0	NaN	NaN	NaN	0.00000E+0	NaN	NaN	NaN	0.00000E+0	NaN	NaN	NaN	0.00000E+0	NaN	NaN	NaN	0.00000E+0	NaN
1.90714E+1	-2.09334E-1	2.82528E-2	3.62299E-4	-4.24748E-1	5.30498E+2	1.86693E+0	1.82252E+0	-3.36670E+0	5.28153E+2	8.40826E-1	8.41888E-1	2.93157E+0	5.24536E+2	8.65037E-1	8.65051E-1	2.93451E+0	-2.77062E-3	9.45319E-4	5.07600E-5	2.77995E+0	-5.49620E-3	9.42202E-4	2.86032E-5	2.63982E-1	-6.55064E-3	9.50453E-4	5.73471E-5	1.51023E+0	-4.41649E-3	9.49457E-4	2.43041E-5	-7.68701E-1	-8.02159E-3	9.28825E-4	1.30578E-5	-5.22027E-4	NaN	NaN	0.00000E+0	NaN	NaN	NaN	0.00000E+0	NaN	NaN	NaN	0.00000E+0	NaN	NaN	NaN	0.00000E+0	NaN	NaN	NaN	0.00000E+0	NaN	NaN	NaN	0.00000E+0	NaN	NaN	NaN	0.00000E+0	NaN	NaN	NaN	0.00000E+0	NaN	NaN	NaN	0.00000E+0	NaN
1.92145E+1	-2.07942E-1	2.76845E-2	9.21946E-4	3.24222E+0	5.30489E+2	1.93503E+0	1.81632E+0	-1.28608E+0	5.28147E+2	8.40696E-1	8.41302E-1	1.12933E+1	5.24527E+2	8.66185E-1	8.66089E-1	5.01347E+0	-2.71734E-3	9.51092E-4	1.96220E-5	1.03582E+0	-5.45422E-3	9.09231E-4	2.54655E-6	3.14118E+0	-6.64145E-3	9.47769E-4	3.00796E-5	3.72083E+0	-4.41609E-3	9.52024E-4	6.55345E-7	-1.33595E-3	-8.03112E-3	9.64077E-4	3.90435E-5	6.74574E-1	NaN	NaN	0.00000E+0	NaN	NaN	NaN	0.00000E+0	NaN	NaN	NaN	0.00000E+0	NaN	NaN	NaN	0.00000E+0	NaN	NaN	NaN	0.00000E+0	NaN	NaN	NaN	0.00000E+0	NaN	NaN	NaN	0.00000E+0	NaN	NaN	NaN	0.00000E+0	NaN	NaN	NaN	0.00000E+0	NaN
1.93586E+1	-2.07901E-1	2.83266E-2	7.51585E-4	3.56623E+0	5.30496E+2	1.84872E+0	1.75218E+0	2.16006E+0	5.28152E+2	8.08345E-1	8.10390E-1	2.17605E+0	5.24529E+2	8.37658E-1	8.34633E-1	2.17847E+0	-2.71516E-3	9.37843E-4	1.38471E-5	3.14128E+0	-5.48296E-3	9.35507E-4	3.48340E-5	2.20320E+0	-6.69545E-3	9.53862E-4	2.10860E-6	3.14155E+0	-4.56050E-3	9.43266E-4	3.23426E-5	2.91717E+0	-8.04201E-3	9.11654E-4	2.12679E-5	6.16524E-1	NaN	NaN	0.00000E+0	NaN	NaN	NaN	0.00000E+0	NaN	NaN	NaN	0.00000E+0	NaN	NaN	NaN	0.00000E+0	NaN	NaN	NaN	0.00000E+0	NaN	NaN	NaN	0.00000E+0	NaN	NaN	NaN	0.00000E+0	NaN	NaN	NaN	0.00000E+0	NaN	NaN	NaN	0.00000E+0	NaN
1.95038E+1	-2.06210E-1	2.81025E-2	6.65339E-4	3.43593E+0	5.30479E+2	1.87149E+0	1.73388E+0	-1.85588E+0	5.28146E+2	7.80165E-1	7.79661E-1	4.43500E+0	5.24524E+2	8.04613E-1	8.02747E-1	-1.84501E+0	-2.76335E-3	9.40878E-4	3.62249E-5	5.01358E-1	-5.33621E-3	9.35193E-4	5.19428E-6	3.14155E+0	-6.64774E-3	9.38354E-4	5.10581E-6	-3.59139E-4	-4.53458E-3	9.48662E-4	1.50723E-5	1.10098E-4	-8.02764E-3	9.45283E-4	4.24031E-6	3.14160E+0	NaN	NaN	0.00000E+0	NaN	NaN	NaN	0.00000E+0	NaN	NaN	NaN	0.00000E+0	NaN	NaN	NaN	0.00000E+0	NaN	NaN	NaN	0.00000E+0	NaN	NaN	NaN	0.00000E+0	NaN	NaN	NaN	0.00000E+0	NaN	NaN	NaN	0.00000E+0	NaN	NaN	NaN	0.00000E+0	NaN
1.96501E+1	-2.08499E-1	2.85330E-2	1.00135E-3	4.15217E+0	5.30544E+2	1.88384E+0	1.76532E+0	-9.31686E-2	5.28169E+2	7.78325E-1	7.79825E-1	-5.95947E-2	5.24546E+2	8.04293E-1	8.03806E-1	-5.44588E-2	-2.76206E-3	9.68664E-4	3.91235E-5	3.28170E+0	-5.43307E-3	9.26825E-4	3.79839E-5	3.17055E-1	-6.63927E-3	9.54265E-4	1.77911E-6	1.28813E-3	-4.52708E-3	9.55390E-4	3.01972E-5	-4.08711E-1	-8.10578E-3	9.05350E-4	4.20345E-5	3.00811E-4	NaN	NaN	0.00000E+0	NaN	NaN	NaN	0.00000E+0	NaN	NaN	NaN	0.00000E+0	NaN	NaN	NaN	0.00000E+0	NaN	NaN	NaN	0.00000E+0	NaN	NaN	NaN	0.00000E+0	NaN	NaN	NaN	0.00000E+0	NaN	NaN	NaN	0.00000E+0	NaN	NaN	NaN	0.00000E+0	NaN
1.97975E+1	-2.08886E-1	2.75743E-2	6.39082E-4	6.38000E-1	5.30512E+2	1.93469E+0	1.78553E+0	-2.16796E+0	5.28155E+2	7.54459E-1	7.51585E-1	-2.17419E+0	5.24531E+2	7.80930E-1	7.74712E-1	-2.17041E+0	-2.81615E-3	9.35705E-4	5.15764E-5	3.14156E+0	-5.33839E-3	9.33433E-4	3.46131E-5	3.14170E+0	-6.56823E-3	9.41726E-4	5.85340E-6	3.14183E+0	-4.47025E-3	9.39902E-4	9.03978E-6	3.14181E+0	-8.08512E-3	9.45748E-4	5.08382E-5	1.80316E+0	NaN	NaN	0.00000E+0	NaN	NaN	NaN	0.00000E+0	NaN	NaN	NaN	0.00000E+0	NaN	NaN	NaN	0.00000E+0	NaN	NaN	NaN	0.00000E+0	NaN	NaN	NaN	0.00000E+0	NaN	NaN	NaN	0.00000E+0	NaN	NaN	NaN	0.00000E+0	NaN	NaN	NaN	0.00000E+0	NaN
1.99460E+1	-2.05610E-1	2.86149E-2	1.01904E-3	1.51689E-1	5.30509E+2	1.84584E+0	1.81028E+0	1.32044E+0	5.28148E+2	7.51701E-1	7.51850E-1	1.34319E+0	5.24527E+2	7.74277E-1	7.74137E-1	1.34711E+0	-2.82793E-3	9.72686E-4	3.37043E-6	3.14123E+0	-5.41104E-3	9.13719E-4	3.24675E-5	4.34672E+0	-6.51900E-3	9.61407E-4	3.37143E-5	7.89124E-1	-4.47316E-3	9.29247E-4	3.94421E-5	1.68500E+0	-8.20377E-3	9.05267E-4	9.25839E-6	4.47098E-4	NaN	NaN	0.00000E+0	NaN	NaN	NaN	0.00000E+0	NaN	NaN	NaN	0.00000E+0	NaN	NaN	NaN	0.00000E+0	NaN	NaN	NaN	0.00000E+0	NaN	NaN	NaN	0.00000E+0	NaN	NaN	NaN	0.00000E+0	NaN	NaN	NaN	0.00000E+0	NaN	NaN	NaN	0.00000E+0	NaN
2.00956E+1	-2.08508E-1	2.77402E-2	1.34117E-3	4.25104E+0	5.30505E+2	1.93059E+0	1.80382E+0	2.80931E+1	5.28150E+2	7.32874E-1	7.33998E-1	2.98733E+0	5.24532E+2	7.64953E-1	7.56411E-1	2.98726E+0	-2.80920E-3	9.57012E-4	2.33093E-5	8.50086E-1	-5.30166E-3	9.35517E-4	3.48250E-5	3.59254E+0	-6.61223E-3	9.54695E-4	3.66044E-5	-7.24079E-1	-4.52554E-3	9.51251E-4	3.08114E-5	2.10220E-1	-8.02030E-3	9.28080E-4	2.61757E-5	2.73055E-1	NaN	NaN	0.00000E+0	NaN	NaN	NaN	0.00000E+0	NaN	NaN	NaN	0.00000E+0	NaN	NaN	NaN	0.00000E+0	NaN	NaN	NaN	0.00000E+0	NaN	NaN	NaN	0.00000E+0	NaN	NaN	NaN	0.00000E+0	NaN	NaN	NaN	0.00000E+0	NaN	NaN	NaN	0.00000E+0	NaN
2.02463E+1	-2.06373E-1	2.81170E-2	1.16223E-4	3.12014E+0	5.30498E+2	1.92757E+0	1.83222E+0	1.51533E+1	5.28145E+2	7.31672E-1	7.33843E-1	2.60796E+0	5.24525E+2	7.64592E-1	7.55989E-1	2.60988E+0	-2.91285E-3	9.66334E-4	1.59323E-5	-2.60318E-4	-5.30578E-3	9.40048E-4	2.11778E-5	1.23334E+0	-6.52222E-3	9.76195E-4	6.51835E-6	-8.38804E-4	-4.54895E-3	9.21929E-4	2.27060E-5	3.14109E+0	-8.03967E-3	9.33895E-4	3.75119E-6	-4.86437E-4	NaN	NaN	0.00000E+0	NaN	NaN	NaN	0.00000E+0	NaN	NaN	NaN	0.00000E+0	NaN	NaN	NaN	0.00000E+0	NaN	NaN	NaN	0.00000E+0	NaN	NaN	NaN	0.00000E+0	NaN	NaN	NaN	0.00000E+0	NaN	NaN	NaN	0.00000E+0	NaN	NaN	NaN	0.00000E+0	NaN
2.03981E+1	-2.05474E-1	2.80756E-2	9.55424E-4	2.68087E+0	5.30565E+2	1.94288E+0	1.82050E+0	-1.78802E-1	5.28158E+2	7.06763E-1	7.05448E-1	-1.37491E-1	5.24540E+2	7.35450E-1	7.28927E-1	-1.36184E-1	-2.87677E-3	9.19026E-4	3.65515E-5	3.25950E+0	-5.35260E-3	9.33760E-4	1.84054E-5	-5.27368E-1	-6.62159E-3	9.25030E-4	5.27113E-5	4.50133E+0	-4.58520E-3	9.48617E-4	2.05998E-5	4.06516E+0	-8.13113E-3	9.34636E-4	2.44683E-7	-7.08776E-4	NaN	NaN	0.00000E+0	NaN	NaN	NaN	0.00000E+0	NaN	NaN	NaN	0.00000E+0	NaN	NaN	NaN	0.00000E+0	NaN	NaN	NaN	0.00000E+0	NaN	NaN	NaN	0.00000E+0	NaN	NaN	NaN	0.00000E+0	NaN	NaN	NaN	0.00000E+0	NaN	NaN	NaN	0.00000E+0	NaN
2.05511E+1	-2.06506E-1	2.80289E-2	3.95531E-4	4.08108E+0	5.30557E+2	1.93565E+0	1.88355E+0	-5.05341E-1	5.28155E+2	7.32463E-1	7.32818E-1	-4.57130E-1	5.24537E+2	7.59015E-1	7.55989E-1	-4.52373E-1	-2.89638E-3	8.97659E-4	1.92213E-5	4.17170E+0	-5.32104E-3	9.38494E-4	5.74918E-6	3.14167E+0	-6.60674E-3	9.24657E-4	1.89486E-5	-9.44568E-1	-4.42707E-3	9.30610E-4	4.68226E-6	3.14180E+0	-8.01594E-3	9.41394E-4	4.93994E-5	4.63525E+0	NaN	NaN	0.00000E+0	NaN	NaN	NaN	0.00000E+0	NaN	NaN	NaN	0.00000E+0	NaN	NaN	NaN	0.00000E+0	NaN	NaN	NaN	0.00000E+0	NaN	NaN	NaN	0.00000E+0	NaN	NaN	NaN	0.00000E+0	NaN	NaN	NaN	0.00000E+0	NaN	NaN	NaN	0.00000E+0	NaN
2.07053E+1	-2.06637E-1	2.77690E-2	1.99242E-4	2.92321E+0	5.30539E+2	1.94562E+0	1.85295E+0	-1.45141E+0	5.28145E+2	7.06692E-1	7.05967E-1	-1.44890E+0	5.24525E+2	7.42018E-1	7.31536E-1	-1.44965E+0	-2.70863E-3	9.42157E-4	2.36576E-5	-9.70995E-1	-5.26510E-3	9.37211E-4	2.80495E-5	4.35123E+0	-6.79780E-3	9.44798E-4	5.27300E-5	-1.32904E+0	-4.41464E-3	9.22652E-4	1.74291E-5	2.63845E+0	-8.00625E-3	9.48767E-4	4.64587E-5	1.22978E+0	NaN	NaN	0.00000E+0	NaN	NaN	NaN	0.00000E+0	NaN	NaN	NaN	0.00000E+0	NaN	NaN	NaN	0.00000E+0	NaN	NaN	NaN	0.00000E+0	NaN	NaN	NaN	0.00000E+0	NaN	NaN	NaN	0.00000E+0	NaN	NaN	NaN	0.00000E+0	NaN	NaN	NaN	0.00000E+0	NaN
2.08606E+1	-2.12414E-1	2.84627E-2	7.80353E-4	1.78931E+0	5.52343E+2	2.02240E+0	1.88481E+0	1.66622E-2	5.28416E+2	7.36314E-1	7.34451E-1	1.82268E-2	5.24362E+2	7.71977E-1	7.59423E-1	2.07227E-2	-2.81179E-3	9.37170E-4	7.23524E-6	3.14185E+0	-5.46084E-3	9.38443E-4	1.86145E-5	1.89291E-4	-6.56242E-3	9.37191E-4	3.70736E-5	8.06569E-1	-4.33803E-3	9.59489E-4	4.48999E-5	1.04245E-1	-8.08617E-3	9.33340E-4	2.17854E-5	3.25620E-1	NaN	NaN	0.00000E+0	NaN	NaN	NaN	0.00000E+0	NaN	NaN	NaN	0.00000E+0	NaN	NaN	NaN	0.00000E+0	NaN	NaN	NaN	0.00000E+0	NaN	NaN	NaN	0.00000E+0	NaN	NaN	NaN	0.00000E+0	NaN	NaN	NaN	0.00000E+0	NaN	NaN	NaN	0.00000E+0	NaN
2.10170E+1	-2.08990E-1	2.84285E-2	1.03507E-3	4.35591E+0	5.47580E+2	2.10232E+0	1.84260E+0	-1.46319E+0	5.28446E+2	6.80785E-1	6.79900E-1	-1.44076E+0	5.24334E+2	7.20998E-1	7.04759E-1	-1.43871E+0	-2.80267E-3	9.35018E-4	3.29744E-5	4.49775E+0	-5.57450E-3	9.67250E-4	6.11144E-5	4.43143E+0	-6.68649E-3	9.22075E-4	2.51750E-5	-9.64307E-1	-4.34344E-3	9.28751E-4	3.02423E-5	-1.30276E+0	-7.97881E-3	9.32080E-4	3.96543E-5	3.91133E+0	NaN	NaN	0.00000E+0	NaN	NaN	NaN	0.00000E+0	NaN	NaN	NaN	0.00000E+0	NaN	NaN	NaN	0.00000E+0	NaN	NaN	NaN	0.00000E+0	NaN	NaN	NaN	0.00000E+0	NaN	NaN	NaN	0.00000E+0	NaN	NaN	NaN	0.00000E+0	NaN	NaN	NaN	0.00000E+0	NaN
2.11747E+1	-2.12661E-1	2.75309E-2	1.90362E-3	-2.65061E-1	5.47532E+2	2.07249E+0	1.96401E+0	5.24849E-1	5.28508E+2	6.83186E-1	6.81382E-1	5.67198E-1	5.24343E+2	7.18588E-1	7.04237E-1	5.68815E-1	-2.78515E-3	9.29229E-4	4.05394E-5	2.05583E+0	-5.54963E-3	9.36899E-4	4.69381E-5	4.26894E-1	-6.57606E-3	9.31607E-4	4.91736E-5	1.26770E+0	-4.27007E-3	9.25337E-4	5.64875E-5	-1.15530E-1	-8.02119E-3	9.50527E-4	1.66222E-6	7.04099E-4	NaN	NaN	0.00000E+0	NaN	NaN	NaN	0.00000E+0	NaN	NaN	NaN	0.00000E+0	NaN	NaN	NaN	0.00000E+0	NaN	NaN	NaN	0.00000E+0	NaN	NaN	NaN	0.00000E+0	NaN	NaN	NaN	0.00000E+0	NaN	NaN	NaN	0.00000E+0	NaN	NaN	NaN	0.00000E+0	NaN
2.13335E+1	-2.11843E-1	2.77321E-2	1.64094E-3	-6.27465E-1	5.47712E+2	2.03959E+0	1.93041E+0	-5.30553E-1	5.28463E+2	6.56749E-1	6.56754E-1	-5.06252E-1	5.24359E+2	6.78108E-1	6.75320E-1	-5.01855E-1	-2.75892E-3	9.45357E-4	6.58547E-5	5.25348E-1	-5.40506E-3	9.64991E-4	6.43393E-5	-6.44727E-1	-6.63951E-3	9.77126E-4	6.66457E-5	-1.47957E-1	-4.22139E-3	9.52812E-4	8.78718E-5	-1.38595E-1	-8.05646E-3	9.56298E-4	1.06784E-4	-6.09195E-1	NaN	NaN	0.00000E+0	NaN	NaN	NaN	0.00000E+0	NaN	NaN	NaN	0.00000E+0	NaN	NaN	NaN	0.00000E+0	NaN	NaN	NaN	0.00000E+0	NaN	NaN	NaN	0.00000E+0	NaN	NaN	NaN	0.00000E+0	NaN	NaN	NaN	0.00000E+0	NaN	NaN	NaN	0.00000E+0	NaN
2.14935E+1	-2.10095E-1	2.79055E-2	1.10252E-3	3.87776E+0	5.47953E+2	2.10048E+0	2.01530E+0	1.64370E+1	5.28472E+2	6.56923E-1	6.55970E-1	3.90107E+0	5.24339E+2	6.81304E-1	6.75689E-1	3.90356E+0	-2.80105E-3	9.64491E-4	4.03850E-5	3.57833E+0	-5.49176E-3	9.47047E-4	5.81323E-5	4.09711E+0	-6.66227E-3	9.31997E-4	5.23247E-5	3.52389E+0	-4.40995E-3	9.43271E-4	6.15693E-5	3.34709E+0	-8.09924E-3	9.26560E-4	4.56306E-7	-1.58375E-3	NaN	NaN	0.00000E+0	NaN	NaN	NaN	0.00000E+0	NaN	NaN	NaN	0.00000E+0	NaN	NaN	NaN	0.00000E+0	NaN	NaN	NaN	0.00000E+0	NaN	NaN	NaN	0.00000E+0	NaN	NaN	NaN	0.00000E+0	NaN	NaN	NaN	0.00000E+0	NaN	NaN	NaN	0.00000E+0	NaN
2.16547E+1	-2.11514E-1	2.80855E-2	6.56312E-4	-5.49605E-1	5.48536E+2	2.08273E+0	1.96930E+0	3.47161E-1	5.28469E+2	6.33074E-1	6.32414E-1	3.82406E-1	5.24359E+2	6.73491E-1	6.51755E-1	3.83168E-1	-2.79371E-3	9.29755E-4	4.60487E-5	4.81228E-1	-5.31062E-3	9.53429E-4	1.82934E-5	1.74148E-4	-6.60448E-3	9.19664E-4	4.13732E-5	5.71803E-1	-4.48050E-3	9.23719E-4	4.27290E-5	4.18124E-1	-7.98284E-3	9.40767E-4	6.27322E-5	9.14717E-1	NaN	NaN	0.00000E+0	NaN	NaN	NaN	0.00000E+0	NaN	NaN	NaN	0.00000E+0	NaN	NaN	NaN	0.00000E+0	NaN	NaN	NaN	0.00000E+0	NaN	NaN	NaN	0.00000E+0	NaN	NaN	NaN	0.00000E+0	NaN	NaN	NaN	0.00000E+0	NaN	NaN	NaN	0.00000E+0	NaN
2.18171E+1	-2.09090E-1	2.80509E-2	1.09210E-3	-1.27397E+0	5.48404E+2	2.12101E+0	1.93775E+0	-1.73201E+0	5.28659E+2	6.10485E-1	6.09936E-1	-1.70175E+0	5.24373E+2	6.31858E-1	6.28162E-1	-1.69861E+0	-2.88686E-3	9.80550E-4	3.44385E-5	-5.58151E-1	-5.36317E-3	9.28902E-4	7.04918E-5	-1.36932E+0	-6.60714E-3	9.35235E-4	9.91722E-6	-1.11023E-4	-4.35797E-3	9.50004E-4	5.01949E-5	4.55244E+0	-8.17496E-3	9.33559E-4	6.44148E-5	4.48442E+0	NaN	NaN	0.00000E+0	NaN	NaN	NaN	0.00000E+0	NaN	NaN	NaN	0.00000E+0	NaN	NaN	NaN	0.00000E+0	NaN	NaN	NaN	0.00000E+0	NaN	NaN	NaN	0.00000E+0	NaN	NaN	NaN	0.00000E+0	NaN	NaN	NaN	0.00000E+0	NaN	NaN	NaN	0.00000E+0	NaN
2.19807E+1	-2.10114E-1	2.82629E-2	8.52426E-5	8.07314E-3	5.48889E+2	2.16977E+0	2.06294E+0	6.88707E-1	5.28024E+2	6.79110E-1	6.77420E-1	6.80546E-1	5.24677E+2	7.08174E-1	7.02305E-1	6.85781E-1	-2.78854E-3	9.52128E-4	5.08466E-5	1.21113E+0	-5.34073E-3	9.44927E-4	6.93128E-5	5.54531E-1	-6.53474E-3	9.40894E-4	2.63867E-5	1.20070E+0	-4.47937E-3	9.03472E-4	4.92797E-5	1.08863E+0	-8.06607E-3	9.46730E-4	7.45172E-5	2.13481E+0	NaN	NaN	0.00000E+0	NaN	NaN	NaN	0.00000E+0	NaN	NaN	NaN	0.00000E+0	NaN	NaN	NaN	0.00000E+0	NaN	NaN	NaN	0.00000E+0	NaN	NaN	NaN	0.00000E+0	NaN	NaN	NaN	0.00000E+0	NaN	NaN	NaN	0.00000E+0	NaN	NaN	NaN	0.00000E+0	NaN
2.21456E+1	-2.09620E-1	2.92173E-2	5.20189E-4	2.21198E+0	5.49841E+2	2.12546E+0	2.03612E+0	7.86097E-1	5.27564E+2	6.13530E-1	6.11585E-1	8.46392E-1	5.25445E+2	6.36948E-1	6.33073E-1	8.49060E-1	-2.82672E-3	9.43238E-4	4.67398E-5	2.02217E+0	-5.31038E-3	9.41119E-4	8.02959E-5	9.05038E-1	-6.44207E-3	9.37276E-4	2.84208E-5	9.25295E-1	-4.27927E-3	9.34675E-4	4.12897E-5	1.10347E+0	-8.06849E-3	9.50547E-4	6.34898E-5	3.48999E-1	NaN	NaN	0.00000E+0	NaN	NaN	NaN	0.00000E+0	NaN	NaN	NaN	0.00000E+0	NaN	NaN	NaN	0.00000E+0	NaN	NaN	NaN	0.00000E+0	NaN	NaN	NaN	0.00000E+0	NaN	NaN	NaN	0.00000E+0	NaN	NaN	NaN	0.00000E+0	NaN	NaN	NaN	0.00000E+0	NaN
2.23117E+1	-2.03992E-1	2.76931E-2	4.74963E-4	3.84259E+0	5.49830E+2	2.11426E+0	2.05806E+0	1.22086E+2	5.27526E+2	6.11509E-1	6.12048E-1	4.03967E+1	5.25439E+2	6.40135E-1	6.33694E-1	-2.24340E+1	-2.77683E-3	9.44582E-4	3.06761E-5	1.38260E+0	-5.30150E-3	9.49601E-4	6.06033E-5	2.34997E+0	-6.44344E-3	9.55985E-4	3.57370E-5	3.42625E+0	-4.27983E-3	9.49118E-4	5.87656E-6	3.14131E+0	-8.14017E-3	9.26498E-4	4.00156E-5	3.00184E+0	NaN	NaN	0.00000E+0	NaN	NaN	NaN	0.00000E+0	NaN	NaN	NaN	0.00000E+0	NaN	NaN	NaN	0.00000E+0	NaN	NaN	NaN	0.00000E+0	NaN	NaN	NaN	0.00000E+0	NaN	NaN	NaN	0.00000E+0	NaN	NaN	NaN	0.00000E+0	NaN	NaN	NaN	0.00000E+0	NaN
2.24790E+1	-2.07179E-1	2.79611E-2	6.59182E-4	-1.04687E+0	5.50483E+2	2.20892E+0	2.07140E+0	-1.29718E+0	5.28393E+2	6.27253E-1	6.09586E-1	-1.23132E+0	5.24450E+2	6.36759E-1	6.32261E-1	-1.22371E+0	-2.76731E-3	9.66473E-4	6.27476E-5	-1.22541E+0	-5.35413E-3	9.28307E-4	3.39303E-5	1.53521E-1	-6.57671E-3	9.30293E-4	3.23212E-5	-4.40159E-1	-4.31115E-3	9.19724E-4	2.37113E-5	7.04243E-1	-8.12063E-3	9.51815E-4	2.79898E-5	3.86536E+0	NaN	NaN	0.00000E+0	NaN	NaN	NaN	0.00000E+0	NaN	NaN	NaN	0.00000E+0	NaN	NaN	NaN	0.00000E+0	NaN	NaN	NaN	0.00000E+0	NaN	NaN	NaN	0.00000E+0	NaN	NaN	NaN	0.00000E+0	NaN	NaN	NaN	0.00000E+0	NaN	NaN	NaN	0.00000E+0	NaN
2.26477E+1	-2.04983E-1	2.78750E-2	1.12245E-3	2.55315E+0	5.50708E+2	2.27998E+0	2.19512E+0	2.92455E+0	5.28717E+2	5.73671E-1	5.74520E-1	2.94865E+0	5.24539E+2	5.97039E-1	5.95110E-1	2.95105E+0	-2.74043E-3	9.44804E-4	5.27949E-5	2.71804E+0	-5.25549E-3	9.43116E-4	4.55341E-5	3.07625E+0	-6.57727E-3	9.46241E-4	6.45630E-5	2.38827E+0	-4.31164E-3	9.31505E-4	2.19765E-5	2.06692E+0	-8.05331E-3	9.18107E-4	6.06144E-5	3.32905E+0	NaN	NaN	0.00000E+0	NaN	NaN	NaN	0.00000E+0	NaN	NaN	NaN	0.00000E+0	NaN	NaN	NaN	0.00000E+0	NaN	NaN	NaN	0.00000E+0	NaN	NaN	NaN	0.00000E+0	NaN	NaN	NaN	0.00000E+0	NaN	NaN	NaN	0.00000E+0	NaN	NaN	NaN	0.00000E+0	NaN
2.28175E+1	-2.06595E-1	2.79965E-2	6.43169E-4	4.63196E+0	5.52710E+2	2.17225E+0	2.02678E+0	2.78699E+0	5.28782E+2	5.52277E-1	5.52049E-1	-3.43024E+0	5.24612E+2	5.82104E-1	5.70723E-1	-1.59944E+1	-2.74309E-3	9.45577E-4	2.72719E-5	-1.08256E+0	-5.29198E-3	9.30114E-4	4.20643E-5	1.95594E+0	-6.46717E-3	9.14236E-4	3.07459E-5	-8.59849E-1	-4.27806E-3	9.35999E-4	2.43771E-6	1.71320E-4	-7.99600E-3	9.39128E-4	4.52897E-5	-4.86565E-1	NaN	NaN	0.00000E+0	NaN	NaN	NaN	0.00000E+0	NaN	NaN	NaN	0.00000E+0	NaN	NaN	NaN	0.00000E+0	NaN	NaN	NaN	0.00000E+0	NaN	NaN	NaN	0.00000E+0	NaN	NaN	NaN	0.00000E+0	NaN	NaN	NaN	0.00000E+0	NaN	NaN	NaN	0.00000E+0	NaN
2.29887E+1	-2.06508E-1	2.87489E-2	9.30020E-4	1.38342E+0	5.53290E+2	2.49083E+0	2.29843E+0	-6.99636E-1	5.28234E+2	5.52526E-1	5.51836E-1	-6.02011E-1	5.25357E+2	5.76844E-1	5.69514E-1	-5.97984E-1	-2.71928E-3	9.44904E-4	1.67158E-5	7.59035E-1	-5.36414E-3	9.62176E-4	1.74049E-5	7.90889E-1	-6.46185E-3	9.29612E-4	2.83212E-5	4.48567E+0	-4.35757E-3	9.54513E-4	5.51966E-5	2.47076E+0	-7.95879E-3	9.30632E-4	1.59737E-5	1.65938E-4	NaN	NaN	0.00000E+0	NaN	NaN	NaN	0.00000E+0	NaN	NaN	NaN	0.00000E+0	NaN	NaN	NaN	0.00000E+0	NaN	NaN	NaN	0.00000E+0	NaN	NaN	NaN	0.00000E+0	NaN	NaN	NaN	0.00000E+0	NaN	NaN	NaN	0.00000E+0	NaN	NaN	NaN	0.00000E+0	NaN
2.31611E+1	-2.05951E-1	2.84396E-2	1.04099E-3	-1.41236E+0	5.53633E+2	3.28588E+0	2.20952E+0	6.38073E-1	5.28565E+2	5.55118E-1	5.53511E-1	6.68996E-1	5.24762E+2	7.36645E-1	5.73902E-1	6.64869E-1	-2.81695E-3	9.66068E-4	2.81669E-5	-3.25759E-4	-5.19745E-3	9.09931E-4	1.41352E-5	3.14117E+0	-6.59205E-3	9.28972E-4	4.25051E-5	-7.34799E-1	-4.40059E-3	9.56773E-4	1.94286E-6	3.14177E+0	-8.03677E-3	8.99065E-4	8.64479E-6	3.14089E+0	NaN	NaN	0.00000E+0	NaN	NaN	NaN	0.00000E+0	NaN	NaN	NaN	0.00000E+0	NaN	NaN	NaN	0.00000E+0	NaN	NaN	NaN	0.00000E+0	NaN	NaN	NaN	0.00000E+0	NaN	NaN	NaN	0.00000E+0	NaN	NaN	NaN	0.00000E+0	NaN	NaN	NaN	0.00000E+0	NaN
2.33348E+1	-2.07954E-1	2.81711E-2	1.00958E-3	-1.42399E+0	5.54439E+2	2.62367E+0	2.46889E+0	-8.06055E-1	5.28563E+2	5.91699E-1	5.92501E-1	-6.70208E-1	5.24704E+2	6.46005E-1	6.17196E-1	-6.62654E-1	-2.66996E-3	9.26463E-4	3.32963E-5	1.66235E-1	-5.39522E-3	9.93914E-4	2.88010E-5	2.00635E+0	-6.42883E-3	9.23657E-4	3.95355E-5	1.66496E+0	-4.34643E-3	9.31982E-4	3.68732E-5	3.95143E+0	-8.08229E-3	9.12808E-4	4.71115E-5	3.02455E+0	NaN	NaN	0.00000E+0	NaN	NaN	NaN	0.00000E+0	NaN	NaN	NaN	0.00000E+0	NaN	NaN	NaN	0.00000E+0	NaN	NaN	NaN	0.00000E+0	NaN	NaN	NaN	0.00000E+0	NaN	NaN	NaN	0.00000E+0	NaN	NaN	NaN	0.00000E+0	NaN	NaN	NaN	0.00000E+0	NaN
